1.0,351.0,64.0,
2007.0,351.0,61.0,
4013.0,351.0,57.0,
6018.0,351.0,55.0,
8024.0,351.0,57.0,
10030.0,351.0,61.0,
12036.0,351.0,57.0,
14041.0,351.0,55.0,
16047.0,351.0,66.0,
18053.0,351.0,61.0,
20059.0,351.0,57.0,
22064.0,351.0,57.0,
24070.0,351.0,75.0,
26076.0,351.0,57.0,
28081.0,351.0,55.0,
30087.0,351.0,57.0,
32093.0,351.0,61.0,
34099.0,351.0,57.0,
36104.0,351.0,55.0,
38110.0,351.0,57.0,
40116.0,351.0,58.0,
42122.0,351.0,56.0,
44127.0,351.0,110.0,
46133.0,351.0,101.0,
48139.0,351.0,59.0,
50144.0,351.0,56.0,
52150.0,378.0,2587.0,
54156.0,380.0,2583.0,
56162.0,380.0,2585.0,
58167.0,381.0,2589.0,
60173.0,382.0,2538.0,
62179.0,382.0,2586.0,
64185.0,382.0,2589.0,
66190.0,382.0,2588.0,
68196.0,383.0,2543.0,
70202.0,384.0,2586.0,
72207.0,383.0,2589.0,
74213.0,384.0,2586.0,
76219.0,384.0,2583.0,
78225.0,384.0,2587.0,
80230.0,385.0,2588.0,
82236.0,385.0,2546.0,
84242.0,385.0,2584.0,
86248.0,385.0,2558.0,
88253.0,386.0,2558.0,
90259.0,386.0,2552.0,
92265.0,386.0,2556.0,
94270.0,386.0,2523.0,
96276.0,386.0,2556.0,
98282.0,386.0,2553.0,
100288.0,386.0,2556.0,
102293.0,386.0,2559.0,
104299.0,387.0,2525.0,
106305.0,387.0,2555.0,
108311.0,387.0,2558.0,
110316.0,387.0,2520.0,
112322.0,388.0,2547.0,
114328.0,388.0,2558.0,
116334.0,388.0,2559.0,
118339.0,388.0,2538.0,
120345.0,388.0,2553.0,
122351.0,388.0,2556.0,
124356.0,388.0,2560.0,
126362.0,388.0,2553.0,
128368.0,388.0,2557.0,
130374.0,388.0,2518.0,
132379.0,388.0,2557.0,
134385.0,388.0,2552.0,
136391.0,389.0,2557.0,
138397.0,388.0,2560.0,
140402.0,389.0,2545.0,
142408.0,389.0,2554.0,
144414.0,388.0,2559.0,
146420.0,389.0,2557.0,
148425.0,389.0,2550.0,
150431.0,389.0,2557.0,
152437.0,389.0,2560.0,
154442.0,389.0,2559.0,
156448.0,390.0,2518.0,
158454.0,390.0,2501.0,
160460.0,390.0,2557.0,
162465.0,390.0,2538.0,
164471.0,390.0,2557.0,
166477.0,390.0,2560.0,
168483.0,390.0,2557.0,
170488.0,390.0,2554.0,
172494.0,390.0,2558.0,
174500.0,390.0,2559.0,
176506.0,390.0,2527.0,
178511.0,390.0,2557.0,
180517.0,390.0,2560.0,
182523.0,390.0,2499.0,
184528.0,390.0,2542.0,
186534.0,390.0,2557.0,
188540.0,390.0,2559.0,
190546.0,390.0,2514.0,
192551.0,390.0,2558.0,
194557.0,390.0,2558.0,
196563.0,390.0,2559.0,
198569.0,390.0,2555.0,
200574.0,390.0,2557.0,
202580.0,390.0,2560.0,
204587.0,390.0,2558.0,
206593.0,391.0,2547.0,
208598.0,390.0,2558.0,
210604.0,390.0,2558.0,
212610.0,390.0,2552.0,
214615.0,391.0,2498.0,
216621.0,390.0,2560.0,
218627.0,391.0,2557.0,
220633.0,391.0,2554.0,
222638.0,391.0,2559.0,
224644.0,391.0,2558.0,
226650.0,391.0,2553.0,
228656.0,391.0,2559.0,
230661.0,391.0,2560.0,
232667.0,391.0,2558.0,
234673.0,391.0,2553.0,
236679.0,391.0,2559.0,
238684.0,391.0,2559.0,
240690.0,391.0,2554.0,
242696.0,391.0,2557.0,
244701.0,391.0,2560.0,
246707.0,391.0,2542.0,
248713.0,391.0,2491.0,
250719.0,391.0,2557.0,
252724.0,391.0,2557.0,
254730.0,391.0,2555.0,
256736.0,391.0,2556.0,
258742.0,391.0,2550.0,
260747.0,391.0,2550.0,
262753.0,391.0,2554.0,
264759.0,391.0,2557.0,
266764.0,391.0,2558.0,
268770.0,391.0,2549.0,
270776.0,391.0,2557.0,
272782.0,391.0,2560.0,
274787.0,391.0,2556.0,
276793.0,391.0,2554.0,
278799.0,391.0,2558.0,
280805.0,391.0,2559.0,
282810.0,391.0,2541.0,
284816.0,391.0,2559.0,
286822.0,391.0,2559.0,
288828.0,391.0,2557.0,
290833.0,392.0,2554.0,
292839.0,392.0,2559.0,
294845.0,391.0,2559.0,
296851.0,391.0,2534.0,
298856.0,392.0,2525.0,
300862.0,391.0,2560.0,
302868.0,392.0,2558.0,
304873.0,392.0,2553.0,
306879.0,391.0,2560.0,
308885.0,392.0,2558.0,
310891.0,392.0,2530.0,
312896.0,392.0,2560.0,
314902.0,391.0,2560.0,
316908.0,392.0,2558.0,
318914.0,392.0,2557.0,
320919.0,392.0,2528.0,
322925.0,392.0,2559.0,
324931.0,392.0,2523.0,
326936.0,392.0,2559.0,
328942.0,391.0,2560.0,
330948.0,392.0,2559.0,
332954.0,392.0,2557.0,
334959.0,392.0,2559.0,
336965.0,392.0,2512.0,
338971.0,391.0,2554.0,
340977.0,392.0,2549.0,
342982.0,392.0,2560.0,
344988.0,392.0,2517.0,
346994.0,392.0,2556.0,
349000.0,392.0,2559.0,
351005.0,392.0,2558.0,
353011.0,392.0,2553.0,
355017.0,392.0,2559.0,
357023.0,392.0,2559.0,
359028.0,392.0,2516.0,
361034.0,392.0,2555.0,
363040.0,392.0,2559.0,
365045.0,392.0,2557.0,
367051.0,392.0,2553.0,
369057.0,391.0,2556.0,
371063.0,392.0,2560.0,
373068.0,392.0,2516.0,
375074.0,392.0,2555.0,
377080.0,392.0,2559.0,
379086.0,392.0,2558.0,
381091.0,392.0,2554.0,
383097.0,392.0,2557.0,
385103.0,392.0,2559.0,
387109.0,392.0,2513.0,
389114.0,392.0,2556.0,
391120.0,391.0,2559.0,
393126.0,392.0,2557.0,
395131.0,392.0,2552.0,
397137.0,392.0,2558.0,
399143.0,392.0,2560.0,
401149.0,392.0,2517.0,
403154.0,392.0,2557.0,
405160.0,392.0,2559.0,
407166.0,392.0,2552.0,
409172.0,392.0,2553.0,
411177.0,392.0,2558.0,
413184.0,392.0,2562.0,
415190.0,392.0,2554.0,
417196.0,392.0,2558.0,
419201.0,392.0,2559.0,
421207.0,392.0,2531.0,
423213.0,392.0,2553.0,
425219.0,392.0,2558.0,
427224.0,392.0,2559.0,
429230.0,392.0,2553.0,
431236.0,392.0,2558.0,
433241.0,392.0,2559.0,
435247.0,392.0,2533.0,
437253.0,392.0,2555.0,
439259.0,392.0,2558.0,
441264.0,392.0,2557.0,
443270.0,392.0,2553.0,
445276.0,392.0,2558.0,
447282.0,392.0,2559.0,
449287.0,392.0,2529.0,
451293.0,392.0,2552.0,
453299.0,392.0,2561.0,
455305.0,392.0,2558.0,
457310.0,392.0,2555.0,
459316.0,392.0,2558.0,
461322.0,392.0,2560.0,
463328.0,392.0,2523.0,
465333.0,392.0,2555.0,
467339.0,392.0,2560.0,
469345.0,392.0,2558.0,
471350.0,392.0,2554.0,
473356.0,392.0,2557.0,
475362.0,392.0,2559.0,
477368.0,392.0,2516.0,
479373.0,392.0,2558.0,
481379.0,391.0,2558.0,
483385.0,392.0,2557.0,
485391.0,392.0,2553.0,
487396.0,392.0,2557.0,
489402.0,392.0,2559.0,
491408.0,392.0,2554.0,
493413.0,392.0,2557.0,
495419.0,392.0,2559.0,
497425.0,392.0,2559.0,
499431.0,392.0,2554.0,
501436.0,392.0,2517.0,
503442.0,392.0,2559.0,
505448.0,392.0,2554.0,
507454.0,392.0,2559.0,
509459.0,392.0,2552.0,
511465.0,392.0,2472.0,
513471.0,392.0,2555.0,
515477.0,392.0,2560.0,
517482.0,392.0,2495.0,
519488.0,392.0,2554.0,
521494.0,392.0,2558.0,
523499.0,391.0,2559.0,
525505.0,392.0,2517.0,
527511.0,392.0,2555.0,
529517.0,391.0,2559.0,
531522.0,392.0,2558.0,
533528.0,392.0,2555.0,
535534.0,392.0,2558.0,
537540.0,392.0,2560.0,
539545.0,392.0,2514.0,
541551.0,392.0,2555.0,
543557.0,391.0,2559.0,
545563.0,392.0,2549.0,
547568.0,392.0,2554.0,
549574.0,392.0,2558.0,
551580.0,392.0,2559.0,
553585.0,392.0,2513.0,
555591.0,392.0,2560.0,
557597.0,392.0,2560.0,
559603.0,392.0,2554.0,
561608.0,392.0,2556.0,
563614.0,392.0,2560.0,
565620.0,392.0,2496.0,
567626.0,391.0,2554.0,
569631.0,391.0,2559.0,
571637.0,392.0,2560.0,
573643.0,392.0,2516.0,
575649.0,392.0,2556.0,
577654.0,392.0,2559.0,
579660.0,392.0,2559.0,
581666.0,392.0,2555.0,
583671.0,392.0,2557.0,
585677.0,392.0,2562.0,
587683.0,392.0,2516.0,
589689.0,392.0,2557.0,
591694.0,392.0,2560.0,
593700.0,392.0,2558.0,
595706.0,392.0,2521.0,
597712.0,392.0,2559.0,
599717.0,392.0,2558.0,
601723.0,392.0,2531.0,
603729.0,392.0,2559.0,
605735.0,392.0,2559.0,
607740.0,392.0,2558.0,
609746.0,392.0,2555.0,
611752.0,392.0,2559.0,
613758.0,392.0,2559.0,
615763.0,391.0,2545.0,
617769.0,392.0,2558.0,
619776.0,391.0,2561.0,
621780.0,392.0,2555.0,
623787.0,391.0,2555.0,
625793.0,392.0,2560.0,
627799.0,392.0,2550.0,
629804.0,392.0,2555.0,
631810.0,392.0,2559.0,
633816.0,392.0,2559.0,
635822.0,392.0,2537.0,
637827.0,392.0,2559.0,
639833.0,392.0,2561.0,
641839.0,392.0,2559.0,
643844.0,391.0,2555.0,
645850.0,391.0,2559.0,
647856.0,392.0,2560.0,
649862.0,391.0,2519.0,
651867.0,391.0,2560.0,
653873.0,391.0,2561.0,
655879.0,391.0,2559.0,
657885.0,392.0,2554.0,
659890.0,392.0,2559.0,
661896.0,392.0,2559.0,
663902.0,392.0,2554.0,
665908.0,391.0,2559.0,
667913.0,391.0,2560.0,
669919.0,392.0,2558.0,
671925.0,391.0,2556.0,
673931.0,391.0,2559.0,
675936.0,391.0,2559.0,
677942.0,392.0,2554.0,
679948.0,392.0,2552.0,
681953.0,392.0,2560.0,
683959.0,391.0,2516.0,
685965.0,392.0,2530.0,
687971.0,391.0,2560.0,
689976.0,391.0,2558.0,
691982.0,392.0,2555.0,
693988.0,392.0,2549.0,
695994.0,391.0,2560.0,
697999.0,392.0,2534.0,
700005.0,392.0,2557.0,
702011.0,391.0,2561.0,
704016.0,391.0,2560.0,
706022.0,391.0,2555.0,
708028.0,391.0,2559.0,
710034.0,391.0,2558.0,
712039.0,391.0,2554.0,
714045.0,391.0,2557.0,
716051.0,391.0,2560.0,
718057.0,391.0,2540.0,
720062.0,391.0,2553.0,
722068.0,391.0,2558.0,
724074.0,391.0,2558.0,
726080.0,391.0,2554.0,
728085.0,391.0,2493.0,
730091.0,391.0,2559.0,
732097.0,391.0,2518.0,
734102.0,391.0,2555.0,
736108.0,391.0,2558.0,
738114.0,391.0,2558.0,
740120.0,391.0,2553.0,
742125.0,391.0,2558.0,
744131.0,391.0,2560.0,
746137.0,391.0,2515.0,
748143.0,391.0,2557.0,
750148.0,391.0,2561.0,
752154.0,391.0,2558.0,
754160.0,391.0,2555.0,
756166.0,391.0,2559.0,
758171.0,391.0,2558.0,
760177.0,391.0,2529.0,
762183.0,391.0,2559.0,
764188.0,391.0,2561.0,
766194.0,391.0,2557.0,
768200.0,391.0,2536.0,
770206.0,391.0,2546.0,
772211.0,391.0,2560.0,
774217.0,391.0,2550.0,
776223.0,391.0,2557.0,
778229.0,391.0,2559.0,
780234.0,391.0,2546.0,
782240.0,391.0,2558.0,
784246.0,391.0,2560.0,
786252.0,391.0,2559.0,
788257.0,391.0,2553.0,
790263.0,391.0,2557.0,
792269.0,391.0,2529.0,
794274.0,391.0,2526.0,
796280.0,391.0,2559.0,
798286.0,391.0,2559.0,
800292.0,391.0,2558.0,
802297.0,391.0,2553.0,
804303.0,391.0,2558.0,
806309.0,391.0,2561.0,
808315.0,391.0,2553.0,
810320.0,391.0,2559.0,
812326.0,391.0,2559.0,
814332.0,391.0,2517.0,
816338.0,391.0,2555.0,
818343.0,391.0,2559.0,
820349.0,391.0,2557.0,
822355.0,391.0,2554.0,
824360.0,391.0,2558.0,
826366.0,391.0,2560.0,
828372.0,391.0,2513.0,
830379.0,392.0,2557.0,
832384.0,391.0,2557.0,
834390.0,391.0,2557.0,
836396.0,391.0,2554.0,
838402.0,391.0,2511.0,
840407.0,392.0,2558.0,
842413.0,391.0,2530.0,
844419.0,392.0,2507.0,
846425.0,391.0,2502.0,
848430.0,391.0,2558.0,
850436.0,391.0,2555.0,
852442.0,391.0,2560.0,
854448.0,391.0,2559.0,
856453.0,391.0,2549.0,
858459.0,391.0,2557.0,
860465.0,391.0,2560.0,
862470.0,391.0,2548.0,
864476.0,391.0,2554.0,
866482.0,391.0,2560.0,
868488.0,391.0,2558.0,
870493.0,391.0,2554.0,
872499.0,391.0,2556.0,
874505.0,391.0,2559.0,
876511.0,391.0,2532.0,
878516.0,391.0,2558.0,
880522.0,391.0,2560.0,
882528.0,391.0,2558.0,
884534.0,391.0,2548.0,
886539.0,391.0,2559.0,
888545.0,392.0,2561.0,
890551.0,391.0,2517.0,
892556.0,391.0,2558.0,
894562.0,391.0,2560.0,
896568.0,391.0,2558.0,
898574.0,391.0,2500.0,
900579.0,391.0,2558.0,
902585.0,392.0,2559.0,
904591.0,391.0,2554.0,
906597.0,392.0,2558.0,
908602.0,392.0,2559.0,
910608.0,391.0,2516.0,
912614.0,392.0,2557.0,
914620.0,391.0,2559.0,
916625.0,392.0,2558.0,
918631.0,392.0,2553.0,
920637.0,391.0,2558.0,
922643.0,392.0,2559.0,
924648.0,392.0,2522.0,
926654.0,392.0,2557.0,
928660.0,391.0,2560.0,
930665.0,392.0,2557.0,
932671.0,392.0,2555.0,
934677.0,392.0,2557.0,
936683.0,392.0,2499.0,
938688.0,392.0,2541.0,
940694.0,392.0,2557.0,
942700.0,391.0,2559.0,
944706.0,391.0,2555.0,
946711.0,392.0,2554.0,
948717.0,392.0,2559.0,
950723.0,392.0,2559.0,
952729.0,392.0,2554.0,
954734.0,392.0,2558.0,
956740.0,392.0,2560.0,
958746.0,392.0,2537.0,
960751.0,392.0,2554.0,
962757.0,391.0,2560.0,
964763.0,392.0,2560.0,
966769.0,392.0,2555.0,
968774.0,391.0,2559.0,
970780.0,392.0,2560.0,
972786.0,392.0,2523.0,
974792.0,392.0,2558.0,
976797.0,391.0,2558.0,
978803.0,392.0,2558.0,
980809.0,392.0,2553.0,
982814.0,392.0,2558.0,
984820.0,392.0,2560.0,
986826.0,392.0,2555.0,
988832.0,392.0,2557.0,
990837.0,392.0,2559.0,
992843.0,392.0,2517.0,
994849.0,392.0,2554.0,
996855.0,392.0,2558.0,
998860.0,392.0,2557.0,
1000866.0,392.0,2553.0,
1002872.0,392.0,2531.0,
1004878.0,392.0,2558.0,
1006883.0,392.0,2515.0,
1008889.0,392.0,2556.0,
1010895.0,392.0,2532.0,
1012900.0,392.0,2557.0,
1014906.0,392.0,2553.0,
1016912.0,392.0,2558.0,
1018918.0,392.0,2558.0,
1020923.0,392.0,2523.0,
1022929.0,392.0,2557.0,
1024935.0,392.0,2560.0,
1026941.0,392.0,2557.0,
1028946.0,392.0,2555.0,
1030952.0,392.0,2558.0,
1032958.0,392.0,2558.0,
1034964.0,392.0,2542.0,
1036969.0,392.0,2500.0,
1038976.0,392.0,2554.0,
1040982.0,392.0,2556.0,
1042988.0,392.0,2558.0,
1044993.0,392.0,2560.0,
1046999.0,392.0,2559.0,
1049005.0,392.0,2554.0,
1051010.0,392.0,2557.0,
1053016.0,392.0,2560.0,
1055022.0,392.0,2538.0,
1057028.0,392.0,2559.0,
1059033.0,392.0,2559.0,
1061039.0,392.0,2559.0,
1063045.0,392.0,2553.0,
1065051.0,392.0,2559.0,
1067056.0,392.0,2561.0,
1069062.0,392.0,2554.0,
1071068.0,392.0,2558.0,
1073074.0,392.0,2560.0,
1075079.0,392.0,2530.0,
1077085.0,392.0,2554.0,
1079091.0,392.0,2558.0,
1081096.0,392.0,2559.0,
1083102.0,392.0,2553.0,
1085108.0,392.0,2557.0,
1087114.0,392.0,2560.0,
1089119.0,392.0,2516.0,
1091125.0,392.0,2555.0,
1093131.0,392.0,2552.0,
1095137.0,392.0,2557.0,
1097142.0,392.0,2553.0,
1099148.0,392.0,2556.0,
1101154.0,392.0,2557.0,
1103159.0,392.0,2519.0,
1105165.0,392.0,2558.0,
1107171.0,392.0,2559.0,
1109177.0,392.0,2558.0,
1111182.0,392.0,2553.0,
1113188.0,392.0,2558.0,
1115194.0,392.0,2558.0,
1117200.0,392.0,2541.0,
1119205.0,392.0,2557.0,
1121211.0,392.0,2559.0,
1123217.0,392.0,2554.0,
1125223.0,392.0,2554.0,
1127228.0,392.0,2560.0,
1129234.0,392.0,2558.0,
1131240.0,392.0,2554.0,
1133245.0,392.0,2558.0,
1135251.0,392.0,2498.0,
1137257.0,392.0,2536.0,
1139263.0,392.0,2499.0,
1141268.0,392.0,2560.0,
1143274.0,392.0,2559.0,
1145280.0,392.0,2553.0,
1147286.0,392.0,2558.0,
1149291.0,392.0,2560.0,
1151297.0,392.0,2514.0,
1153303.0,392.0,2557.0,
1155309.0,392.0,2560.0,
1157314.0,392.0,2559.0,
1159320.0,392.0,2542.0,
1161326.0,392.0,2558.0,
1163331.0,392.0,2560.0,
1165337.0,392.0,2554.0,
1167343.0,392.0,2559.0,
1169349.0,392.0,2559.0,
1171354.0,393.0,2516.0,
1173360.0,392.0,2556.0,
1175366.0,392.0,2559.0,
1177372.0,392.0,2559.0,
1179377.0,392.0,2545.0,
1181383.0,392.0,2559.0,
1183389.0,392.0,2559.0,
1185395.0,392.0,2514.0,
1187400.0,393.0,2557.0,
1189406.0,392.0,2559.0,
1191412.0,392.0,2557.0,
1193417.0,392.0,2554.0,
1195423.0,393.0,2558.0,
1197429.0,392.0,2557.0,
1199435.0,392.0,2534.0,
1201440.0,392.0,2558.0,
1203446.0,392.0,2560.0,
1205452.0,393.0,2558.0,
1207458.0,393.0,2554.0,
1209463.0,393.0,2559.0,
1211469.0,393.0,2557.0,
1213475.0,393.0,2551.0,
1215481.0,393.0,2557.0,
1217486.0,393.0,2560.0,
1219492.0,393.0,2514.0,
1221498.0,393.0,2498.0,
1223503.0,393.0,2559.0,
1225509.0,393.0,2558.0,
1227515.0,393.0,2554.0,
1229521.0,393.0,2558.0,
1231526.0,393.0,2559.0,
1233532.0,393.0,2555.0,
1235538.0,393.0,2559.0,
1237544.0,393.0,2558.0,
1239549.0,393.0,2556.0,
1241555.0,393.0,2553.0,
1243561.0,393.0,2558.0,
1245568.0,393.0,2559.0,
1247572.0,393.0,2553.0,
1249579.0,393.0,2557.0,
1251585.0,393.0,2561.0,
1253590.0,393.0,2517.0,
1255596.0,393.0,2554.0,
1257602.0,393.0,2558.0,
1259608.0,393.0,2559.0,
1261613.0,393.0,2555.0,
1263619.0,393.0,2558.0,
1265625.0,393.0,2559.0,
1267631.0,393.0,2513.0,
1269636.0,393.0,2558.0,
1271642.0,393.0,2559.0,
1273648.0,393.0,2558.0,
1275654.0,393.0,2554.0,
1277659.0,393.0,2559.0,
1279665.0,393.0,2558.0,
1281671.0,393.0,2526.0,
1283676.0,393.0,2558.0,
1285682.0,393.0,2559.0,
1287688.0,393.0,2558.0,
1289694.0,393.0,2554.0,
1291699.0,393.0,2560.0,
1293705.0,393.0,2557.0,
1295711.0,393.0,2542.0,
1297717.0,393.0,2559.0,
1299722.0,393.0,2561.0,
1301728.0,393.0,2555.0,
1303734.0,393.0,2558.0,
1305740.0,393.0,2561.0,
1307745.0,394.0,2558.0,
1309751.0,393.0,2555.0,
1311757.0,394.0,2556.0,
1313762.0,393.0,2559.0,
1315768.0,393.0,2549.0,
1317774.0,394.0,2558.0,
1319780.0,393.0,2559.0,
1321785.0,393.0,2550.0,
1323791.0,394.0,2554.0,
1325797.0,394.0,2558.0,
1327803.0,394.0,2557.0,
1329808.0,394.0,2545.0,
1331814.0,393.0,2559.0,
1333820.0,394.0,2521.0,
1335825.0,394.0,2501.0,
1337831.0,394.0,2552.0,
1339837.0,394.0,2559.0,
1341843.0,394.0,2557.0,
1343848.0,394.0,2554.0,
1345854.0,394.0,2557.0,
1347860.0,394.0,2558.0,
1349866.0,394.0,2515.0,
1351871.0,394.0,2556.0,
1353877.0,394.0,2561.0,
1355883.0,394.0,2558.0,
1357889.0,394.0,2554.0,
1359894.0,394.0,2559.0,
1361900.0,393.0,2558.0,
1363906.0,394.0,2514.0,
1365911.0,394.0,2558.0,
1367917.0,393.0,2559.0,
1369923.0,394.0,2559.0,
1371929.0,394.0,2548.0,
1373934.0,394.0,2560.0,
1375940.0,394.0,2558.0,
1377946.0,394.0,2554.0,
1379952.0,394.0,2557.0,
1381957.0,394.0,2560.0,
1383963.0,394.0,2517.0,
1385969.0,394.0,2557.0,
1387975.0,393.0,2561.0,
1389980.0,394.0,2559.0,
1391986.0,394.0,2554.0,
1393992.0,394.0,2558.0,
1395997.0,394.0,2559.0,
1398003.0,394.0,2532.0,
1400009.0,394.0,2558.0,
1402015.0,394.0,2544.0,
1404020.0,394.0,2558.0,
1406026.0,394.0,2554.0,
1408032.0,394.0,2549.0,
1410038.0,394.0,2558.0,
1412043.0,394.0,2554.0,
1414049.0,394.0,2558.0,
1416055.0,394.0,2561.0,
1418061.0,394.0,2541.0,
1420066.0,394.0,2555.0,
1422072.0,394.0,2557.0,
1424078.0,394.0,2560.0,
1426084.0,394.0,2553.0,
1428089.0,394.0,2558.0,
1430095.0,394.0,2560.0,
1432101.0,394.0,2519.0,
1434106.0,394.0,2555.0,
1436112.0,394.0,2559.0,
1438118.0,394.0,2559.0,
1440124.0,394.0,2556.0,
1442129.0,394.0,2558.0,
1444135.0,394.0,2559.0,
1446141.0,394.0,2516.0,
1448147.0,394.0,2558.0,
1450152.0,394.0,2559.0,
1452158.0,394.0,2559.0,
1454164.0,394.0,2556.0,
1456169.0,394.0,2559.0,
1458176.0,394.0,2558.0,
1460182.0,394.0,2525.0,
1462188.0,394.0,2558.0,
1464193.0,394.0,2560.0,
1466199.0,395.0,2558.0,
1468205.0,395.0,2558.0,
1470211.0,395.0,2559.0,
1472216.0,395.0,2559.0,
1474222.0,395.0,2554.0,
1476228.0,395.0,2558.0,
1478233.0,395.0,2560.0,
1480239.0,395.0,2539.0,
1482245.0,395.0,2558.0,
1484251.0,394.0,2560.0,
1486256.0,395.0,2556.0,
1488262.0,395.0,2554.0,
1490268.0,395.0,2560.0,
1492274.0,395.0,2561.0,
1494279.0,395.0,2556.0,
1496285.0,395.0,2559.0,
1498291.0,395.0,2518.0,
1500297.0,395.0,2535.0,
1502302.0,395.0,2554.0,
1504308.0,395.0,2559.0,
1506314.0,395.0,2558.0,
1508319.0,395.0,2555.0,
1510325.0,395.0,2558.0,
1512331.0,395.0,2559.0,
1514337.0,395.0,2517.0,
1516342.0,395.0,2556.0,
1518348.0,395.0,2560.0,
1520354.0,395.0,2559.0,
1522360.0,395.0,2511.0,
1524365.0,395.0,2558.0,
1526371.0,395.0,2558.0,
1528377.0,395.0,2516.0,
1530383.0,395.0,2558.0,
1532388.0,395.0,2561.0,
1534394.0,395.0,2558.0,
1536400.0,395.0,2547.0,
1538405.0,395.0,2560.0,
1540411.0,395.0,2559.0,
1542417.0,396.0,2540.0,
1544423.0,395.0,2559.0,
1546428.0,395.0,2561.0,
1548434.0,396.0,2553.0,
1550440.0,396.0,2555.0,
1552446.0,396.0,2561.0,
1554451.0,396.0,2556.0,
1556457.0,396.0,2555.0,
1558463.0,396.0,2558.0,
1560469.0,396.0,2506.0,
1562474.0,396.0,2531.0,
1564480.0,396.0,2558.0,
1566486.0,396.0,2560.0,
1568491.0,396.0,2560.0,
1570497.0,396.0,2555.0,
1572503.0,396.0,2559.0,
1574509.0,396.0,2561.0,
1576514.0,396.0,2555.0,
1578520.0,396.0,2558.0,
1580526.0,396.0,2561.0,
1582532.0,396.0,2559.0,
1584537.0,396.0,2555.0,
1586543.0,396.0,2560.0,
1588549.0,396.0,2558.0,
1590554.0,396.0,2555.0,
1592560.0,396.0,2558.0,
1594566.0,396.0,2560.0,
1596572.0,396.0,2516.0,
1598577.0,396.0,2556.0,
1600583.0,396.0,2560.0,
1602589.0,396.0,2557.0,
1604595.0,396.0,2553.0,
1606600.0,396.0,2559.0,
1608606.0,396.0,2559.0,
1610612.0,396.0,2518.0,
1612618.0,396.0,2558.0,
1614623.0,396.0,2562.0,
1616629.0,396.0,2559.0,
1618635.0,396.0,2554.0,
1620640.0,396.0,2559.0,
1622646.0,396.0,2559.0,
1624652.0,396.0,2530.0,
1626658.0,396.0,2558.0,
1628663.0,396.0,2561.0,
1630669.0,396.0,2550.0,
1632675.0,396.0,2553.0,
1634681.0,396.0,2560.0,
1636686.0,396.0,2558.0,
1638692.0,396.0,2545.0,
1640698.0,396.0,2558.0,
1642704.0,396.0,2518.0,
1644709.0,396.0,2554.0,
1646715.0,396.0,2558.0,
1648721.0,396.0,2559.0,
1650726.0,397.0,2559.0,
1652732.0,397.0,2556.0,
1654738.0,397.0,2560.0,
1656744.0,397.0,2560.0,
1658749.0,397.0,2544.0,
1660755.0,397.0,2507.0,
1662761.0,397.0,2559.0,
1664768.0,397.0,2503.0,
1666772.0,397.0,2545.0,
1668779.0,397.0,2559.0,
1670785.0,397.0,2558.0,
1672790.0,397.0,2556.0,
1674796.0,397.0,2559.0,
1676802.0,397.0,2560.0,
1678808.0,397.0,2549.0,
1680813.0,397.0,2554.0,
1682819.0,397.0,2560.0,
1684825.0,397.0,2558.0,
1686831.0,397.0,2554.0,
1688836.0,397.0,2559.0,
1690842.0,397.0,2560.0,
1692848.0,397.0,2531.0,
1694854.0,397.0,2554.0,
1696859.0,397.0,2559.0,
1698865.0,397.0,2558.0,
1700871.0,397.0,2554.0,
1702876.0,397.0,2558.0,
1704882.0,397.0,2559.0,
1706888.0,397.0,2519.0,
1708894.0,398.0,2560.0,
1710899.0,397.0,2559.0,
1712905.0,398.0,2558.0,
1714911.0,398.0,2554.0,
1716917.0,398.0,2512.0,
1718922.0,397.0,2559.0,
1720928.0,398.0,2554.0,
1722934.0,398.0,2556.0,
1724939.0,398.0,2561.0,
1726945.0,398.0,2520.0,
1728951.0,398.0,2557.0,
1730957.0,398.0,2559.0,
1732962.0,398.0,2559.0,
1734968.0,398.0,2555.0,
1736974.0,398.0,2559.0,
1738980.0,398.0,2560.0,
1740985.0,398.0,2514.0,
1742991.0,398.0,2559.0,
1744997.0,398.0,2559.0,
1747003.0,398.0,2507.0,
1749008.0,398.0,2554.0,
1751014.0,398.0,2561.0,
1753020.0,398.0,2558.0,
1755025.0,398.0,2535.0,
1757031.0,398.0,2558.0,
1759037.0,398.0,2559.0,
1761043.0,398.0,2557.0,
1763048.0,398.0,2554.0,
1765054.0,398.0,2560.0,
1767060.0,398.0,2559.0,
1769066.0,398.0,2554.0,
1771071.0,398.0,2558.0,
1773077.0,398.0,2560.0,
1775083.0,398.0,2543.0,
1777089.0,398.0,2526.0,
1779094.0,398.0,2559.0,
1781100.0,398.0,2526.0,
1783106.0,398.0,2554.0,
1785111.0,398.0,2559.0,
1787117.0,399.0,2560.0,
1789123.0,398.0,2554.0,
1791129.0,399.0,2558.0,
1793134.0,398.0,2557.0,
1795140.0,399.0,2559.0,
1797146.0,399.0,2554.0,
1799152.0,398.0,2558.0,
1801157.0,399.0,2559.0,
1803163.0,399.0,2552.0,
1805169.0,399.0,2558.0,
1807175.0,399.0,2560.0,
1809180.0,399.0,2515.0,
1811186.0,399.0,2554.0,
1813192.0,399.0,2559.0,
1815197.0,399.0,2556.0,
1817203.0,399.0,2554.0,
1819209.0,399.0,2558.0,
1821215.0,399.0,2558.0,
1823220.0,399.0,2515.0,
1825226.0,399.0,2557.0,
1827232.0,399.0,2559.0,
1829238.0,399.0,2558.0,
1831243.0,399.0,2554.0,
1833249.0,399.0,2557.0,
1835255.0,399.0,2558.0,
1837261.0,399.0,2522.0,
1839266.0,399.0,2557.0,
1841272.0,399.0,2557.0,
1843278.0,400.0,2556.0,
1845283.0,400.0,2553.0,
1847289.0,399.0,2559.0,
1849295.0,400.0,2558.0,
1851301.0,400.0,2539.0,
1853306.0,400.0,2556.0,
1855312.0,400.0,2559.0,
1857318.0,400.0,2558.0,
1859324.0,400.0,2557.0,
1861329.0,400.0,2560.0,
1863335.0,400.0,2558.0,
1865341.0,400.0,2553.0,
1867347.0,400.0,2559.0,
1869352.0,400.0,2559.0,
1871358.0,400.0,2537.0,
1873364.0,400.0,2557.0,
1875369.0,400.0,2560.0,
1877376.0,400.0,2549.0,
1879382.0,400.0,2553.0,
1881388.0,400.0,2558.0,
1883393.0,400.0,2561.0,
1885399.0,400.0,2548.0,
1887405.0,400.0,2557.0,
1889411.0,400.0,2560.0,
1891416.0,400.0,2551.0,
1893422.0,400.0,2556.0,
1895428.0,400.0,2558.0,
1897434.0,400.0,2559.0,
1899439.0,400.0,2555.0,
1901445.0,400.0,2558.0,
1903451.0,400.0,2528.0,
1905456.0,400.0,2523.0,
1907462.0,400.0,2553.0,
1909468.0,400.0,2561.0,
1911474.0,401.0,2557.0,
1913479.0,400.0,2553.0,
1915485.0,400.0,2558.0,
1917491.0,401.0,2558.0,
1919497.0,401.0,2459.0,
1921502.0,401.0,2558.0,
1923508.0,401.0,2525.0,
1925514.0,401.0,2557.0,
1927519.0,401.0,2553.0,
1929525.0,401.0,2559.0,
1931531.0,401.0,2560.0,
1933537.0,401.0,2554.0,
1935542.0,401.0,2556.0,
1937548.0,401.0,2526.0,
1939554.0,401.0,2457.0,
1941560.0,401.0,2555.0,
1943565.0,401.0,2558.0,
1945571.0,401.0,2558.0,
1947577.0,401.0,2553.0,
1949583.0,401.0,2557.0,
1951588.0,401.0,2560.0,
1953594.0,401.0,2515.0,
1955600.0,401.0,2559.0,
1957605.0,401.0,2560.0,
1959611.0,402.0,2557.0,
1961617.0,401.0,2495.0,
1963623.0,402.0,2515.0,
1965628.0,401.0,2557.0,
1967634.0,402.0,2500.0,
1969640.0,402.0,2557.0,
1971646.0,402.0,2558.0,
1973651.0,402.0,2559.0,
1975657.0,402.0,2546.0,
1977663.0,402.0,2559.0,
1979669.0,402.0,2559.0,
1981674.0,402.0,2554.0,
1983680.0,402.0,2558.0,
1985686.0,402.0,2560.0,
1987691.0,402.0,2511.0,
1989697.0,402.0,2526.0,
1991703.0,402.0,2559.0,
1993709.0,402.0,2558.0,
1995714.0,402.0,2554.0,
1997720.0,402.0,2558.0,
1999726.0,402.0,2541.0,
2001732.0,402.0,2518.0,
2003737.0,402.0,2559.0,
2005743.0,402.0,2559.0,
2007749.0,402.0,2559.0,
2009755.0,402.0,2555.0,
2011760.0,402.0,2559.0,
2013766.0,402.0,2558.0,
2015772.0,402.0,2554.0,
2017777.0,403.0,2495.0,
2019783.0,402.0,2559.0,
2021789.0,403.0,2516.0,
2023795.0,403.0,2494.0,
2025800.0,403.0,2558.0,
2027806.0,403.0,2559.0,
2029812.0,403.0,2554.0,
2031818.0,403.0,2557.0,
2033823.0,403.0,2560.0,
2035829.0,403.0,2521.0,
2037835.0,403.0,2557.0,
2039841.0,403.0,2560.0,
2041846.0,403.0,2557.0,
2043852.0,403.0,2553.0,
2045858.0,403.0,2557.0,
2047863.0,403.0,2560.0,
2049869.0,403.0,2551.0,
2051875.0,403.0,2558.0,
2053881.0,403.0,2559.0,
2055886.0,403.0,2547.0,
2057892.0,403.0,2553.0,
2059898.0,404.0,2559.0,
2061904.0,404.0,2558.0,
2063909.0,404.0,2513.0,
2065915.0,404.0,2529.0,
2067921.0,404.0,2560.0,
2069927.0,404.0,2522.0,
2071932.0,404.0,2555.0,
2073938.0,404.0,2509.0,
2075944.0,404.0,2518.0,
2077949.0,404.0,2554.0,
2079955.0,404.0,2558.0,
2081961.0,404.0,2558.0,
2083968.0,404.0,2459.0,
2085972.0,404.0,2558.0,
2087979.0,404.0,2558.0,
2089985.0,404.0,2558.0,
2091991.0,404.0,2555.0,
2093996.0,404.0,2560.0,
2096002.0,404.0,2500.0,
2098008.0,404.0,2485.0,
2100013.0,404.0,2558.0,
2102019.0,404.0,2561.0,
2104025.0,404.0,2552.0,
2106031.0,404.0,2501.0,
2108036.0,404.0,2559.0,
2110042.0,404.0,2558.0,
2112048.0,404.0,2555.0,
2114054.0,404.0,2556.0,
2116059.0,405.0,2559.0,
2118065.0,405.0,2525.0,
2120071.0,404.0,2559.0,
2122077.0,405.0,2559.0,
2124082.0,405.0,2558.0,
2126088.0,405.0,2554.0,
2128094.0,405.0,2558.0,
2130099.0,405.0,2559.0,
2132105.0,405.0,2494.0,
2134111.0,405.0,2558.0,
2136117.0,405.0,2560.0,
2138122.0,405.0,2558.0,
2140128.0,405.0,2557.0,
2142134.0,405.0,2559.0,
2144140.0,405.0,2558.0,
2146145.0,405.0,2554.0,
2148151.0,405.0,2559.0,
2150157.0,405.0,2560.0,
2152162.0,405.0,2524.0,
2154168.0,406.0,2558.0,
2156174.0,406.0,2559.0,
2158180.0,406.0,2559.0,
2160185.0,406.0,2554.0,
2162191.0,406.0,2558.0,
2164197.0,406.0,2499.0,
2166203.0,406.0,2551.0,
2168208.0,406.0,2558.0,
2170214.0,406.0,2560.0,
2172220.0,406.0,2546.0,
2174226.0,406.0,2497.0,
2176231.0,406.0,2559.0,
2178237.0,406.0,2558.0,
2180243.0,406.0,2554.0,
2182248.0,406.0,2558.0,
2184254.0,406.0,2560.0,
2186260.0,406.0,2526.0,
2188266.0,406.0,2556.0,
2190271.0,406.0,2563.0,
2192277.0,406.0,2556.0,
2194283.0,406.0,2554.0,
2196289.0,406.0,2558.0,
2198294.0,406.0,2560.0,
2200300.0,406.0,2516.0,
2202306.0,406.0,2550.0,
2204312.0,406.0,2559.0,
2206317.0,406.0,2559.0,
2208323.0,406.0,2554.0,
2210329.0,407.0,2558.0,
2212334.0,407.0,2560.0,
2214340.0,407.0,2519.0,
2216346.0,407.0,2559.0,
2218352.0,407.0,2560.0,
2220357.0,407.0,2557.0,
2222363.0,407.0,2558.0,
2224369.0,407.0,2559.0,
2226375.0,407.0,2557.0,
2228380.0,407.0,2554.0,
2230386.0,407.0,2558.0,
2232392.0,407.0,2559.0,
2234397.0,407.0,2501.0,
2236403.0,407.0,2557.0,
2238409.0,407.0,2559.0,
2240415.0,407.0,2558.0,
2242420.0,408.0,2554.0,
2244426.0,408.0,2557.0,
2246432.0,408.0,2500.0,
2248438.0,408.0,2555.0,
2250443.0,408.0,2558.0,
2252449.0,408.0,2561.0,
2254455.0,408.0,2542.0,
2256461.0,408.0,2554.0,
2258466.0,408.0,2557.0,
2260472.0,408.0,2558.0,
2262478.0,408.0,2552.0,
2264483.0,408.0,2560.0,
2266489.0,408.0,2559.0,
2268495.0,408.0,2545.0,
2270501.0,408.0,2555.0,
2272506.0,408.0,2535.0,
2274512.0,408.0,2529.0,
2276518.0,408.0,2525.0,
2278524.0,408.0,2520.0,
2280529.0,408.0,2562.0,
2282535.0,408.0,2510.0,
2284541.0,408.0,2507.0,
2286547.0,408.0,2504.0,
2288552.0,408.0,2496.0,
2290558.0,408.0,2491.0,
2292564.0,408.0,2486.0,
2294569.0,408.0,2483.0,
2296576.0,408.0,2479.0,
2298582.0,408.0,2471.0,
2300588.0,408.0,2468.0,
2302593.0,408.0,2465.0,
2304599.0,408.0,2460.0,
2306605.0,404.0,2551.0,
2308611.0,408.0,2450.0,
2310616.0,408.0,2446.0,
2312622.0,409.0,2450.0,
2314628.0,408.0,2438.0,
2316633.0,408.0,2467.0,
2318639.0,408.0,2442.0,
2320645.0,408.0,2436.0,
2322651.0,409.0,2558.0,
2324656.0,409.0,2424.0,
2326662.0,403.0,2449.0,
2328668.0,408.0,2414.0,
2330674.0,408.0,2407.0,
2332679.0,409.0,2401.0,
2334685.0,408.0,2397.0,
2336691.0,404.0,1197.0,
2338696.0,404.0,1171.0,
2340702.0,409.0,2382.0,
2342708.0,409.0,2378.0,
2344714.0,409.0,2376.0,
2346719.0,409.0,2367.0,
2348725.0,409.0,1157.0,
2350731.0,409.0,2360.0,
2352737.0,409.0,2354.0,
2354742.0,404.0,1180.0,
2356748.0,409.0,2345.0,
2358754.0,409.0,2339.0,
2360759.0,409.0,2336.0,
2362765.0,409.0,2331.0,
2364771.0,409.0,2328.0,
2366777.0,409.0,2323.0,
2368782.0,409.0,2318.0,
2370788.0,409.0,2320.0,
2372794.0,409.0,2310.0,
2374800.0,409.0,2304.0,
2376805.0,409.0,2302.0,
2378811.0,409.0,2295.0,
2380817.0,409.0,2571.0,
2382822.0,409.0,2287.0,
2384828.0,409.0,2284.0,
2386834.0,404.0,1111.0,
2388840.0,409.0,2275.0,
2390845.0,409.0,2270.0,
2392851.0,409.0,2266.0,
2394857.0,409.0,2261.0,
2396863.0,410.0,2183.0,
2398868.0,409.0,2251.0,
2400874.0,410.0,2247.0,
2402880.0,410.0,2246.0,
2404885.0,410.0,2239.0,
2406891.0,410.0,2235.0,
2408897.0,409.0,2230.0,
2410903.0,409.0,2225.0,
2412908.0,410.0,1147.0,
2414914.0,410.0,2216.0,
2416920.0,409.0,2213.0,
2418926.0,410.0,2210.0,
2420931.0,410.0,2205.0,
2422937.0,411.0,2824.0,
2424943.0,410.0,2195.0,
2426948.0,410.0,2192.0,
2428954.0,410.0,2188.0,
2430960.0,410.0,2183.0,
2432966.0,410.0,2175.0,
2434971.0,410.0,2175.0,
2436977.0,409.0,2102.0,
2438983.0,402.0,504.0,
2440989.0,403.0,786.0,
2442994.0,404.0,868.0,
2445000.0,410.0,2203.0,
2447006.0,408.0,1868.0,
2449012.0,410.0,2201.0,
2451017.0,410.0,2199.0,
2453023.0,410.0,2164.0,
2455029.0,404.0,1034.0,
2457034.0,410.0,2182.0,
2459040.0,406.0,1138.0,
2461046.0,410.0,2115.0,
2463052.0,403.0,694.0,
2465057.0,410.0,1726.0,
2467063.0,403.0,798.0,
2469069.0,410.0,2167.0,
2471075.0,410.0,2166.0,
2473080.0,405.0,1218.0,
2475086.0,409.0,1982.0,
2477092.0,411.0,2677.0,
2479097.0,404.0,945.0,
2481103.0,410.0,2153.0,
2483109.0,410.0,2150.0,
2485115.0,403.0,626.0,
2487120.0,404.0,918.0,
2489126.0,408.0,1843.0,
2491132.0,410.0,2140.0,
2493138.0,410.0,2173.0,
2495143.0,410.0,2138.0,
2497149.0,410.0,2075.0,
2499155.0,402.0,537.0,
2501161.0,408.0,1741.0,
2503166.0,410.0,2128.0,
2505172.0,409.0,1973.0,
2507179.0,410.0,2096.0,
2509185.0,410.0,2085.0,
2511190.0,400.0,55.0,
2513196.0,410.0,2139.0,
2515202.0,408.0,2093.0,
2517207.0,410.0,2056.0,
2519213.0,403.0,617.0,
2521219.0,409.0,1933.0,
2523225.0,410.0,2104.0,
2525230.0,410.0,2127.0,
2527236.0,410.0,2071.0,
2529242.0,400.0,61.0,
2531248.0,410.0,2106.0,
2533253.0,410.0,2083.0,
2535259.0,406.0,997.0,
2537265.0,410.0,2068.0,
2539270.0,405.0,1094.0,
2541276.0,410.0,2081.0,
2543282.0,403.0,508.0,
2545288.0,410.0,2070.0,
2547293.0,403.0,592.0,
2549299.0,406.0,1088.0,
2551305.0,404.0,829.0,
2553311.0,410.0,2060.0,
2555316.0,405.0,965.0,
2557322.0,410.0,2052.0,
2559328.0,406.0,1179.0,
2561333.0,404.0,819.0,
2563339.0,404.0,698.0,
2565345.0,403.0,580.0,
2567351.0,403.0,428.0,
2569356.0,404.0,715.0,
2571362.0,410.0,2046.0,
2573368.0,404.0,749.0,
2575374.0,410.0,2058.0,
2577379.0,410.0,1979.0,
2579385.0,411.0,2246.0,
2581391.0,410.0,2026.0,
2583397.0,406.0,1076.0,
2585402.0,410.0,2002.0,
2587408.0,410.0,1989.0,
2589414.0,400.0,83.0,
2591419.0,407.0,1454.0,
2593425.0,405.0,896.0,
2595431.0,410.0,1888.0,
2597437.0,410.0,2009.0,
2599442.0,410.0,2015.0,
2601448.0,406.0,1135.0,
2603454.0,410.0,1995.0,
2605460.0,408.0,1942.0,
2607465.0,410.0,1954.0,
2609471.0,400.0,97.0,
2611477.0,404.0,762.0,
2613483.0,410.0,2003.0,
2615488.0,410.0,1991.0,
2617494.0,406.0,988.0,
2619500.0,407.0,1166.0,
2621505.0,410.0,2053.0,
2623511.0,406.0,923.0,
2625517.0,404.0,488.0,
2627523.0,407.0,1264.0,
2629528.0,411.0,900.0,
2631534.0,406.0,1068.0,
2633540.0,410.0,1950.0,
2635546.0,411.0,1950.0,
2637551.0,406.0,980.0,
2639557.0,407.0,1260.0,
2641563.0,407.0,1158.0,
2643569.0,411.0,1927.0,
2645574.0,411.0,1914.0,
2647580.0,408.0,1940.0,
2649586.0,401.0,57.0,
2651591.0,411.0,1960.0,
2653597.0,405.0,818.0,
2655603.0,410.0,1759.0,
2657609.0,410.0,1947.0,
2659614.0,408.0,1256.0,
2661620.0,406.0,963.0,
2663626.0,406.0,973.0,
2665632.0,404.0,482.0,
2667637.0,408.0,1929.0,
2669643.0,403.0,393.0,
2671649.0,405.0,639.0,
2673655.0,404.0,475.0,
2675660.0,408.0,1434.0,
2677666.0,408.0,2771.0,
2679672.0,411.0,1876.0,
2681677.0,405.0,757.0,
2683683.0,407.0,972.0,
2685689.0,411.0,1908.0,
2687695.0,406.0,970.0,
2689700.0,406.0,719.0,
2691706.0,411.0,1154.0,
2693712.0,405.0,713.0,
2695718.0,408.0,1157.0,
2697723.0,411.0,1884.0,
2699729.0,411.0,1868.0,
2701735.0,411.0,1872.0,
2703741.0,406.0,796.0,
2705746.0,409.0,1514.0,
2707752.0,411.0,1851.0,
2709758.0,406.0,883.0,
2711763.0,409.0,1376.0,
2713769.0,406.0,912.0,
2715776.0,406.0,963.0,
2717782.0,406.0,879.0,
2719787.0,410.0,1501.0,
2721793.0,408.0,1340.0,
2723799.0,411.0,1847.0,
2725805.0,411.0,2696.0,
2727810.0,408.0,1252.0,
2729816.0,411.0,1842.0,
2731822.0,407.0,1047.0,
2733828.0,411.0,1841.0,
2735833.0,407.0,965.0,
2737839.0,411.0,1825.0,
2739845.0,408.0,1237.0,
2741851.0,411.0,1824.0,
2743856.0,406.0,859.0,
2745862.0,411.0,1829.0,
2747868.0,405.0,538.0,
2749873.0,405.0,539.0,
2751879.0,408.0,1217.0,
2753885.0,406.0,655.0,
2755891.0,408.0,1075.0,
2757896.0,406.0,701.0,
2759902.0,406.0,779.0,
2761908.0,411.0,1823.0,
2763914.0,408.0,1048.0,
2765919.0,405.0,502.0,
2767925.0,411.0,1796.0,
2769931.0,410.0,1485.0,
2771937.0,407.0,868.0,
2773942.0,408.0,1134.0,
2775948.0,409.0,1335.0,
2777954.0,407.0,875.0,
2779960.0,411.0,1777.0,
2781965.0,409.0,1268.0,
2783971.0,406.0,700.0,
2785977.0,410.0,1479.0,
2787982.0,410.0,1613.0,
2789988.0,404.0,211.0,
2791994.0,408.0,1242.0,
2794000.0,411.0,1759.0,
2796005.0,411.0,1764.0,
2798011.0,407.0,872.0,
2800017.0,412.0,1757.0,
2802023.0,404.0,208.0,
2804028.0,408.0,1046.0,
2806034.0,411.0,1750.0,
2808040.0,410.0,1367.0,
2810046.0,412.0,1742.0,
2812051.0,406.0,710.0,
2814057.0,410.0,1365.0,
2816063.0,406.0,608.0,
2818068.0,412.0,1739.0,
2820074.0,408.0,940.0,
2822080.0,408.0,1042.0,
2824086.0,405.0,442.0,
2826091.0,412.0,1741.0,
2828097.0,407.0,793.0,
2830103.0,412.0,1728.0,
2832109.0,406.0,606.0,
2834114.0,407.0,747.0,
2836120.0,406.0,693.0,
2838126.0,404.0,284.0,
2840131.0,412.0,1202.0,
2842137.0,410.0,1329.0,
2844143.0,408.0,990.0,
2846149.0,412.0,1683.0,
2848154.0,404.0,70.0,
2850160.0,408.0,860.0,
2852166.0,409.0,1745.0,
2854172.0,408.0,747.0,
2856177.0,405.0,195.0,
2858183.0,409.0,1139.0,
2860189.0,407.0,692.0,
2862195.0,412.0,1688.0,
2864200.0,412.0,1315.0,
2866206.0,411.0,1633.0,
2868212.0,412.0,1663.0,
2870217.0,406.0,518.0,
2872223.0,407.0,772.0,
2874229.0,406.0,549.0,
2876235.0,412.0,1666.0,
2878240.0,407.0,685.0,
2880246.0,412.0,1646.0,
2882252.0,412.0,1632.0,
2884258.0,404.0,56.0,
2886263.0,412.0,1646.0,
2888269.0,404.0,67.0,
2890275.0,412.0,1667.0,
2892281.0,407.0,687.0,
2894286.0,408.0,770.0,
2896292.0,408.0,765.0,
2898298.0,410.0,1224.0,
2900303.0,407.0,686.0,
2902309.0,410.0,1287.0,
2904315.0,410.0,1170.0,
2906321.0,408.0,765.0,
2908326.0,407.0,653.0,
2910332.0,408.0,723.0,
2912338.0,412.0,1618.0,
2914344.0,408.0,760.0,
2916349.0,412.0,1619.0,
2918355.0,407.0,685.0,
2920361.0,406.0,432.0,
2922368.0,406.0,473.0,
2924372.0,409.0,1281.0,
2926379.0,410.0,1125.0,
2928385.0,412.0,1597.0,
2930391.0,412.0,1605.0,
2932396.0,412.0,1583.0,
2934402.0,412.0,1569.0,
2936408.0,404.0,63.0,
2938413.0,412.0,1628.0,
2940419.0,412.0,1612.0,
2942425.0,412.0,1598.0,
2944431.0,411.0,1966.0,
2946436.0,407.0,597.0,
2948442.0,412.0,1578.0,
2950448.0,412.0,1571.0,
2952454.0,408.0,758.0,
2954459.0,413.0,1575.0,
2956465.0,410.0,1113.0,
2958471.0,412.0,1558.0,
2960477.0,412.0,1560.0,
2962482.0,406.0,417.0,
2964488.0,411.0,1310.0,
2966494.0,411.0,929.0,
2968499.0,410.0,1122.0,
2970505.0,411.0,1332.0,
2972511.0,410.0,1117.0,
2974517.0,409.0,890.0,
2976522.0,412.0,1526.0,
2978528.0,412.0,1515.0,
2980534.0,404.0,55.0,
2982540.0,410.0,1025.0,
2984545.0,410.0,968.0,
2986551.0,412.0,1536.0,
2988557.0,409.0,759.0,
2990563.0,408.0,646.0,
2992568.0,412.0,1067.0,
2994574.0,412.0,1488.0,
2996580.0,410.0,1107.0,
2998585.0,411.0,1314.0,
3000591.0,412.0,1513.0,
3002597.0,410.0,1075.0,
3004603.0,412.0,1504.0,
3006608.0,410.0,1117.0,
3008614.0,410.0,1007.0,
3010620.0,415.0,1188.0,
3012626.0,410.0,1535.0,
3014631.0,412.0,1482.0,
3016637.0,409.0,670.0,
3018643.0,408.0,569.0,
3020649.0,410.0,832.0,
3022654.0,408.0,488.0,
3024660.0,407.0,365.0,
3026666.0,412.0,1489.0,
3028671.0,409.0,740.0,
3030677.0,412.0,1463.0,
3032683.0,411.0,1471.0,
3034689.0,412.0,1505.0,
3036694.0,413.0,1491.0,
3038700.0,405.0,60.0,
3040706.0,412.0,1506.0,
3042712.0,407.0,334.0,
3044717.0,410.0,1067.0,
3046723.0,412.0,1474.0,
3048729.0,408.0,655.0,
3050735.0,410.0,808.0,
3052740.0,410.0,823.0,
3054746.0,410.0,912.0,
3056752.0,409.0,731.0,
3058758.0,412.0,1420.0,
3060763.0,413.0,1456.0,
3062769.0,409.0,738.0,
3064775.0,412.0,1457.0,
3066780.0,413.0,1425.0,
3068786.0,405.0,55.0,
3070792.0,408.0,655.0,
3072798.0,412.0,1292.0,
3074803.0,413.0,1428.0,
3076809.0,406.0,54.0,
3078815.0,413.0,1449.0,
3080821.0,409.0,658.0,
3082826.0,413.0,1419.0,
3084832.0,406.0,127.0,
3086838.0,412.0,1511.0,
3088844.0,411.0,1097.0,
3090849.0,411.0,1015.0,
3092855.0,413.0,1423.0,
3094861.0,408.0,479.0,
3096866.0,409.0,559.0,
3098872.0,409.0,607.0,
3100878.0,413.0,1422.0,
3102884.0,413.0,725.0,
3104889.0,409.0,565.0,
3106895.0,410.0,812.0,
3108901.0,412.0,1188.0,
3110907.0,413.0,1397.0,
3112912.0,410.0,725.0,
3114918.0,412.0,1189.0,
3116924.0,408.0,473.0,
3118930.0,413.0,1388.0,
3120935.0,413.0,1385.0,
3122941.0,406.0,55.0,
3124947.0,413.0,1424.0,
3126952.0,413.0,1385.0,
3128958.0,411.0,910.0,
3130964.0,412.0,1096.0,
3132971.0,408.0,452.0,
3134976.0,409.0,707.0,
3136982.0,413.0,1374.0,
3138988.0,411.0,1007.0,
3140994.0,411.0,897.0,
3142999.0,412.0,1173.0,
3145005.0,413.0,1339.0,
3147011.0,413.0,1330.0,
3149017.0,410.0,824.0,
3151022.0,413.0,1324.0,
3153028.0,410.0,613.0,
3155034.0,413.0,1322.0,
3157039.0,412.0,1004.0,
3159045.0,413.0,1324.0,
3161051.0,413.0,1238.0,
3163057.0,412.0,993.0,
3165062.0,411.0,928.0,
3167068.0,413.0,1308.0,
3169074.0,411.0,809.0,
3171080.0,407.0,5.0,
3173085.0,410.0,714.0,
3175091.0,413.0,1281.0,
3177097.0,412.0,1081.0,
3179103.0,413.0,1230.0,
3181108.0,410.0,721.0,
3183114.0,413.0,1304.0,
3185120.0,413.0,1295.0,
3187125.0,412.0,873.0,
3189131.0,413.0,1187.0,
3191137.0,412.0,984.0,
3193143.0,411.0,895.0,
3195148.0,408.0,190.0,
3197154.0,412.0,1021.0,
3199160.0,412.0,930.0,
3201166.0,409.0,516.0,
3203171.0,413.0,1293.0,
3205177.0,413.0,1282.0,
3207183.0,410.0,505.0,
3209189.0,414.0,1276.0,
3211194.0,413.0,675.0,
3213200.0,413.0,1077.0,
3215206.0,412.0,845.0,
3217212.0,412.0,947.0,
3219217.0,409.0,377.0,
3221223.0,412.0,1064.0,
3223229.0,412.0,995.0,
3225234.0,412.0,894.0,
3227240.0,413.0,1178.0,
3229246.0,412.0,979.0,
3231252.0,411.0,803.0,
3233257.0,413.0,1079.0,
3235263.0,414.0,1256.0,
3237269.0,411.0,795.0,
3239275.0,410.0,618.0,
3241280.0,414.0,1240.0,
3243286.0,410.0,452.0,
3245292.0,409.0,363.0,
3247298.0,414.0,1237.0,
3249303.0,413.0,1219.0,
3251309.0,412.0,793.0,
3253315.0,412.0,793.0,
3255320.0,413.0,1053.0,
3257326.0,410.0,529.0,
3259332.0,414.0,1229.0,
3261338.0,413.0,1115.0,
3263343.0,413.0,1178.0,
3265349.0,414.0,1216.0,
3267355.0,414.0,1203.0,
3269361.0,410.0,441.0,
3271366.0,414.0,943.0,
3273372.0,412.0,788.0,
3275378.0,412.0,960.0,
3277384.0,414.0,1200.0,
3279389.0,412.0,974.0,
3281395.0,414.0,1187.0,
3283401.0,414.0,1180.0,
3285406.0,414.0,1176.0,
3287412.0,414.0,1174.0,
3289418.0,414.0,1174.0,
3291424.0,413.0,988.0,
3293429.0,414.0,1173.0,
3295435.0,414.0,1158.0,
3297441.0,414.0,1155.0,
3299447.0,414.0,1152.0,
3301452.0,414.0,1156.0,
3303458.0,414.0,1145.0,
3305464.0,414.0,1144.0,
3307470.0,414.0,1141.0,
3309475.0,414.0,1138.0,
3311481.0,414.0,1134.0,
3313487.0,414.0,1132.0,
3315492.0,414.0,1124.0,
3317498.0,414.0,1125.0,
3319504.0,414.0,1123.0,
3321510.0,414.0,1118.0,
3323515.0,414.0,1113.0,
3325521.0,414.0,1113.0,
3327527.0,414.0,1110.0,
3329533.0,414.0,1106.0,
3331538.0,414.0,1104.0,
3333544.0,414.0,1102.0,
3335550.0,414.0,1103.0,
3337555.0,414.0,1098.0,
3339561.0,414.0,1095.0,
3341568.0,414.0,1092.0,
3343574.0,414.0,1089.0,
3345579.0,414.0,1086.0,
3347585.0,414.0,1084.0,
3349591.0,414.0,1080.0,
3351597.0,414.0,1081.0,
3353602.0,414.0,1076.0,
3355608.0,414.0,1073.0,
3357614.0,414.0,1072.0,
3359620.0,414.0,1069.0,
3361625.0,414.0,1084.0,
3363631.0,414.0,1064.0,
3365637.0,414.0,1063.0,
3367642.0,414.0,1060.0,
3369648.0,414.0,1057.0,
3371654.0,414.0,1056.0,
3373660.0,414.0,1053.0,
3375665.0,414.0,1049.0,
3377671.0,414.0,1051.0,
3379677.0,414.0,1044.0,
3381683.0,414.0,1038.0,
3383688.0,414.0,1042.0,
3385694.0,414.0,1037.0,
3387700.0,414.0,1038.0,
3389705.0,414.0,1032.0,
3391711.0,414.0,1030.0,
3393717.0,415.0,1030.0,
3395723.0,414.0,1027.0,
3397728.0,414.0,1025.0,
3399734.0,414.0,1022.0,
3401740.0,414.0,1022.0,
3403746.0,414.0,1019.0,
3405751.0,414.0,1016.0,
3407757.0,414.0,1014.0,
3409763.0,415.0,1013.0,
3411769.0,414.0,1009.0,
3413774.0,414.0,1009.0,
3415780.0,414.0,1004.0,
3417786.0,415.0,1004.0,
3419791.0,414.0,1001.0,
3421797.0,415.0,999.0,
3423803.0,414.0,990.0,
3425809.0,415.0,996.0,
3427814.0,415.0,989.0,
3429820.0,415.0,989.0,
3431826.0,414.0,989.0,
3433832.0,414.0,984.0,
3435837.0,415.0,983.0,
3437843.0,415.0,982.0,
3439849.0,414.0,981.0,
3441855.0,415.0,978.0,
3443860.0,415.0,975.0,
3445866.0,415.0,972.0,
3447872.0,415.0,971.0,
3449877.0,415.0,970.0,
3451883.0,415.0,967.0,
3453889.0,414.0,963.0,
3455895.0,415.0,963.0,
3457900.0,415.0,960.0,
3459906.0,415.0,959.0,
3461912.0,415.0,956.0,
3463918.0,415.0,950.0,
3465923.0,415.0,952.0,
3467929.0,415.0,950.0,
3469935.0,415.0,949.0,
3471941.0,415.0,947.0,
3473946.0,415.0,944.0,
3475952.0,415.0,941.0,
3477958.0,415.0,938.0,
3479963.0,415.0,939.0,
3481969.0,415.0,937.0,
3483975.0,415.0,932.0,
3485981.0,415.0,933.0,
3487986.0,415.0,931.0,
3489992.0,415.0,931.0,
3491998.0,415.0,925.0,
3494004.0,415.0,925.0,
3496009.0,415.0,924.0,
3498015.0,415.0,921.0,
3500021.0,415.0,919.0,
3502027.0,415.0,916.0,
3504032.0,415.0,911.0,
3506038.0,415.0,913.0,
3508044.0,415.0,912.0,
3510050.0,415.0,909.0,
3512055.0,415.0,907.0,
3514061.0,415.0,907.0,
3516067.0,415.0,903.0,
3518073.0,415.0,901.0,
3520078.0,415.0,900.0,
3522084.0,415.0,893.0,
3524090.0,415.0,897.0,
3526095.0,415.0,896.0,
3528101.0,415.0,892.0,
3530107.0,415.0,891.0,
3532113.0,415.0,889.0,
3534118.0,415.0,886.0,
3536124.0,415.0,885.0,
3538130.0,415.0,883.0,
3540136.0,415.0,882.0,
3542141.0,415.0,881.0,
3544147.0,415.0,880.0,
3546153.0,415.0,874.0,
3548160.0,415.0,874.0,
3550164.0,415.0,874.0,
3552171.0,415.0,870.0,
3554177.0,415.0,868.0,
3556183.0,415.0,868.0,
3558188.0,415.0,862.0,
3560194.0,415.0,864.0,
3562200.0,415.0,862.0,
3564205.0,415.0,860.0,
3566211.0,415.0,858.0,
3568217.0,415.0,857.0,
3570223.0,415.0,854.0,
3572228.0,415.0,852.0,
3574234.0,415.0,852.0,
3576240.0,415.0,850.0,
3578246.0,415.0,845.0,
3580251.0,415.0,847.0,
3582257.0,415.0,844.0,
3584263.0,415.0,846.0,
3586269.0,415.0,836.0,
3588274.0,415.0,840.0,
3590280.0,415.0,837.0,
3592286.0,415.0,836.0,
3594292.0,415.0,833.0,
3596297.0,415.0,833.0,
3598303.0,415.0,830.0,
3600309.0,415.0,829.0,
3602314.0,415.0,828.0,
3604320.0,416.0,825.0,
3606326.0,416.0,825.0,
3608332.0,415.0,822.0,
3610337.0,416.0,822.0,
3612343.0,416.0,820.0,
3614349.0,416.0,816.0,
3616355.0,416.0,815.0,
3618360.0,416.0,814.0,
3620366.0,415.0,812.0,
3622372.0,416.0,812.0,
3624378.0,416.0,809.0,
3626383.0,415.0,807.0,
3628389.0,416.0,806.0,
3630395.0,416.0,805.0,
3632401.0,415.0,802.0,
3634406.0,416.0,800.0,
3636412.0,416.0,798.0,
3638418.0,415.0,801.0,
3640423.0,416.0,796.0,
3642429.0,416.0,794.0,
3644435.0,416.0,794.0,
3646441.0,416.0,790.0,
3648446.0,416.0,790.0,
3650452.0,416.0,790.0,
3652458.0,416.0,785.0,
3654464.0,416.0,786.0,
3656469.0,416.0,786.0,
3658475.0,416.0,784.0,
3660481.0,416.0,782.0,
3662487.0,416.0,780.0,
3664492.0,416.0,779.0,
3666498.0,416.0,774.0,
3668504.0,416.0,773.0,
3670510.0,416.0,774.0,
3672515.0,416.0,770.0,
3674521.0,416.0,772.0,
3676527.0,416.0,768.0,
3678532.0,416.0,766.0,
3680538.0,416.0,768.0,
3682544.0,416.0,766.0,
3684550.0,416.0,764.0,
3686555.0,416.0,762.0,
3688561.0,416.0,759.0,
3690567.0,416.0,758.0,
3692573.0,416.0,758.0,
3694578.0,416.0,756.0,
3696584.0,416.0,756.0,
3698590.0,416.0,756.0,
3700596.0,416.0,752.0,
3702601.0,416.0,755.0,
3704607.0,416.0,749.0,
3706613.0,416.0,743.0,
3708618.0,416.0,747.0,
3710624.0,416.0,745.0,
3712630.0,416.0,741.0,
3714636.0,416.0,743.0,
3716641.0,416.0,740.0,
3718647.0,416.0,738.0,
3720653.0,416.0,738.0,
3722659.0,416.0,737.0,
3724664.0,416.0,736.0,
3726670.0,416.0,732.0,
3728676.0,416.0,733.0,
3730682.0,416.0,731.0,
3732687.0,416.0,730.0,
3734693.0,416.0,729.0,
3736699.0,416.0,726.0,
3738705.0,416.0,727.0,
3740710.0,416.0,724.0,
3742716.0,416.0,723.0,
3744722.0,416.0,721.0,
3746727.0,416.0,717.0,
3748733.0,416.0,718.0,
3750739.0,416.0,718.0,
3752745.0,416.0,717.0,
3754750.0,416.0,718.0,
3756756.0,416.0,713.0,
3758763.0,416.0,711.0,
3760769.0,416.0,711.0,
3762774.0,416.0,709.0,
3764780.0,416.0,711.0,
3766786.0,416.0,707.0,
3768792.0,416.0,706.0,
3770797.0,416.0,705.0,
3772803.0,416.0,705.0,
3774809.0,416.0,702.0,
3776815.0,416.0,701.0,
3778820.0,416.0,700.0,
3780826.0,416.0,698.0,
3782832.0,416.0,698.0,
3784837.0,416.0,694.0,
3786843.0,416.0,693.0,
3788849.0,416.0,693.0,
3790855.0,416.0,691.0,
3792860.0,416.0,691.0,
3794866.0,416.0,689.0,
3796872.0,416.0,688.0,
3798878.0,416.0,688.0,
3800883.0,416.0,683.0,
3802889.0,416.0,684.0,
3804895.0,416.0,684.0,
3806901.0,416.0,678.0,
3808906.0,416.0,680.0,
3810912.0,416.0,679.0,
3812918.0,416.0,677.0,
3814923.0,416.0,676.0,
3816929.0,416.0,676.0,
3818935.0,416.0,674.0,
3820941.0,416.0,673.0,
3822946.0,416.0,673.0,
3824952.0,416.0,670.0,
3826958.0,416.0,668.0,
3828964.0,416.0,668.0,
3830969.0,416.0,668.0,
3832975.0,416.0,668.0,
3834981.0,416.0,663.0,
3836987.0,416.0,662.0,
3838992.0,416.0,662.0,
3840998.0,416.0,660.0,
3843004.0,416.0,660.0,
3845009.0,416.0,659.0,
3847015.0,416.0,653.0,
3849021.0,416.0,655.0,
3851027.0,416.0,656.0,
3853032.0,416.0,654.0,
3855038.0,416.0,653.0,
3857044.0,416.0,650.0,
3859050.0,416.0,650.0,
3861055.0,416.0,645.0,
3863061.0,416.0,648.0,
3865067.0,416.0,646.0,
3867073.0,416.0,639.0,
3869078.0,416.0,644.0,
3871084.0,416.0,636.0,
3873090.0,416.0,640.0,
3875095.0,416.0,641.0,
3877101.0,416.0,638.0,
3879107.0,416.0,637.0,
3881113.0,416.0,637.0,
3883118.0,416.0,635.0,
3885124.0,416.0,627.0,
3887130.0,416.0,632.0,
3889136.0,416.0,632.0,
3891141.0,416.0,631.0,
3893147.0,416.0,633.0,
3895153.0,416.0,627.0,
3897159.0,416.0,627.0,
3899164.0,416.0,626.0,
3901170.0,416.0,625.0,
3903176.0,416.0,623.0,
3905182.0,416.0,621.0,
3907187.0,416.0,624.0,
3909193.0,416.0,620.0,
3911199.0,416.0,619.0,
3913204.0,416.0,621.0,
3915210.0,416.0,616.0,
3917216.0,416.0,616.0,
3919222.0,416.0,615.0,
3921227.0,416.0,613.0,
3923233.0,416.0,611.0,
3925239.0,416.0,612.0,
3927245.0,416.0,606.0,
3929250.0,416.0,608.0,
3931256.0,416.0,607.0,
3933262.0,416.0,608.0,
3935268.0,416.0,605.0,
3937273.0,416.0,605.0,
3939279.0,416.0,596.0,
3941285.0,416.0,604.0,
3943291.0,416.0,600.0,
3945296.0,416.0,599.0,
3947302.0,416.0,596.0,
3949308.0,416.0,599.0,
3951314.0,416.0,595.0,
3953319.0,416.0,597.0,
3955325.0,416.0,594.0,
3957331.0,416.0,592.0,
3959336.0,416.0,592.0,
3961342.0,416.0,594.0,
3963348.0,416.0,589.0,
3965355.0,416.0,587.0,
3967360.0,416.0,583.0,
3969366.0,416.0,585.0,
3971372.0,416.0,586.0,
3973378.0,416.0,584.0,
3975383.0,416.0,582.0,
3977389.0,416.0,583.0,
3979395.0,416.0,580.0,
3981401.0,416.0,578.0,
3983406.0,416.0,579.0,
3985412.0,416.0,577.0,
3987418.0,416.0,575.0,
3989423.0,416.0,575.0,
3991429.0,416.0,575.0,
3993435.0,416.0,574.0,
3995441.0,416.0,572.0,
3997446.0,416.0,571.0,
3999452.0,416.0,569.0,
4001458.0,416.0,568.0,
4003464.0,416.0,569.0,
4005469.0,416.0,567.0,
4007475.0,416.0,561.0,
4009481.0,416.0,564.0,
4011487.0,416.0,564.0,
4013492.0,416.0,566.0,
4015498.0,416.0,563.0,
4017504.0,416.0,558.0,
4019509.0,416.0,559.0,
4021515.0,416.0,556.0,
4023521.0,416.0,557.0,
4025527.0,416.0,556.0,
4027532.0,416.0,555.0,
4029538.0,416.0,554.0,
4031544.0,416.0,553.0,
4033550.0,416.0,554.0,
4035555.0,416.0,550.0,
4037561.0,416.0,549.0,
4039567.0,416.0,551.0,
4041573.0,417.0,546.0,
4043578.0,416.0,547.0,
4045584.0,416.0,545.0,
4047590.0,416.0,540.0,
4049596.0,416.0,542.0,
4051601.0,416.0,543.0,
4053607.0,416.0,541.0,
4055613.0,416.0,541.0,
4057618.0,416.0,539.0,
4059624.0,416.0,539.0,
4061630.0,416.0,538.0,
4063636.0,416.0,537.0,
4065641.0,416.0,534.0,
4067647.0,416.0,529.0,
4069653.0,416.0,535.0,
4071659.0,416.0,533.0,
4073664.0,416.0,530.0,
4075670.0,416.0,528.0,
4077676.0,416.0,528.0,
4079682.0,417.0,529.0,
4081687.0,416.0,524.0,
4083693.0,417.0,525.0,
4085699.0,416.0,524.0,
4087704.0,416.0,519.0,
4089710.0,417.0,524.0,
4091716.0,417.0,522.0,
4093722.0,416.0,518.0,
4095727.0,417.0,520.0,
4097733.0,416.0,519.0,
4099739.0,417.0,518.0,
4101745.0,417.0,515.0,
4103750.0,417.0,514.0,
4105756.0,417.0,515.0,
4107762.0,417.0,509.0,
4109767.0,416.0,512.0,
4111773.0,417.0,511.0,
4113779.0,417.0,505.0,
4115785.0,417.0,509.0,
4117790.0,417.0,507.0,
4119796.0,417.0,506.0,
4121802.0,417.0,506.0,
4123808.0,417.0,506.0,
4125813.0,417.0,505.0,
4127819.0,417.0,500.0,
4129825.0,417.0,501.0,
4131831.0,417.0,501.0,
4133836.0,416.0,496.0,
4135842.0,417.0,499.0,
4137848.0,416.0,498.0,
4139854.0,417.0,498.0,
4141859.0,417.0,497.0,
4143865.0,417.0,495.0,
4145871.0,417.0,495.0,
4147877.0,417.0,488.0,
4149882.0,417.0,492.0,
4151888.0,417.0,495.0,
4153894.0,417.0,487.0,
4155899.0,417.0,489.0,
4157905.0,417.0,488.0,
4159911.0,417.0,488.0,
4161917.0,417.0,488.0,
4163922.0,417.0,485.0,
4165928.0,417.0,485.0,
4167934.0,417.0,483.0,
4169940.0,417.0,483.0,
4171945.0,417.0,481.0,
4173952.0,417.0,478.0,
4175958.0,416.0,481.0,
4177964.0,417.0,478.0,
4179969.0,417.0,479.0,
4181975.0,417.0,478.0,
4183981.0,417.0,477.0,
4185987.0,417.0,474.0,
4187992.0,417.0,474.0,
4189998.0,417.0,474.0,
4192004.0,417.0,473.0,
4194010.0,417.0,474.0,
4196015.0,417.0,471.0,
4198021.0,417.0,473.0,
4200027.0,417.0,471.0,
4202032.0,417.0,468.0,
4204038.0,417.0,466.0,
4206044.0,417.0,467.0,
4208050.0,417.0,467.0,
4210055.0,417.0,463.0,
4212061.0,417.0,465.0,
4214067.0,417.0,465.0,
4216073.0,416.0,462.0,
4218078.0,417.0,461.0,
4220084.0,417.0,463.0,
4222090.0,417.0,460.0,
4224096.0,417.0,458.0,
4226101.0,417.0,457.0,
4228107.0,417.0,457.0,
4230113.0,417.0,456.0,
4232119.0,417.0,455.0,
4234124.0,417.0,454.0,
4236130.0,417.0,452.0,
4238136.0,417.0,453.0,
4240141.0,417.0,454.0,
4242147.0,417.0,451.0,
4244153.0,417.0,449.0,
4246159.0,417.0,449.0,
4248164.0,417.0,448.0,
4250170.0,417.0,449.0,
4252176.0,417.0,447.0,
4254182.0,417.0,442.0,
4256187.0,417.0,445.0,
4258193.0,417.0,442.0,
4260199.0,417.0,445.0,
4262205.0,417.0,442.0,
4264210.0,417.0,441.0,
4266216.0,417.0,441.0,
4268222.0,417.0,443.0,
4270228.0,417.0,438.0,
4272233.0,417.0,438.0,
4274239.0,417.0,430.0,
4276245.0,417.0,437.0,
4278251.0,417.0,434.0,
4280256.0,417.0,435.0,
4282262.0,417.0,432.0,
4284268.0,417.0,433.0,
4286273.0,417.0,432.0,
4288279.0,417.0,431.0,
4290285.0,417.0,429.0,
4292291.0,417.0,429.0,
4294296.0,417.0,425.0,
4296302.0,417.0,428.0,
4298308.0,417.0,427.0,
4300314.0,417.0,428.0,
4302319.0,417.0,426.0,
4304325.0,417.0,424.0,
4306331.0,417.0,425.0,
4308337.0,417.0,423.0,
4310342.0,417.0,422.0,
4312348.0,417.0,421.0,
4314354.0,417.0,424.0,
4316360.0,417.0,420.0,
4318365.0,417.0,418.0,
4320371.0,417.0,417.0,
4322377.0,417.0,416.0,
4324383.0,417.0,415.0,
4326388.0,417.0,416.0,
4328394.0,417.0,414.0,
4330400.0,417.0,407.0,
4332406.0,417.0,412.0,
4334411.0,417.0,411.0,
4336417.0,417.0,411.0,
4338423.0,417.0,408.0,
4340428.0,417.0,412.0,
4342434.0,417.0,409.0,
4344440.0,417.0,408.0,
4346446.0,417.0,408.0,
4348451.0,417.0,403.0,
4350457.0,417.0,407.0,
4352463.0,417.0,405.0,
4354469.0,417.0,401.0,
4356474.0,417.0,404.0,
4358480.0,417.0,402.0,
4360486.0,417.0,401.0,
4362492.0,417.0,401.0,
4364497.0,417.0,401.0,
4366503.0,417.0,402.0,
4368509.0,417.0,395.0,
4370515.0,417.0,398.0,
4372520.0,417.0,397.0,
4374526.0,417.0,400.0,
4376532.0,417.0,397.0,
4378539.0,417.0,394.0,
4380544.0,417.0,389.0,
4382550.0,417.0,394.0,
4384556.0,417.0,392.0,
4386561.0,417.0,393.0,
4388567.0,417.0,391.0,
4390573.0,417.0,392.0,
4392579.0,417.0,390.0,
4394584.0,417.0,391.0,
4396590.0,417.0,387.0,
4398596.0,417.0,388.0,
4400602.0,417.0,386.0,
4402607.0,417.0,386.0,
4404613.0,417.0,389.0,
4406619.0,417.0,383.0,
4408625.0,417.0,384.0,
4410630.0,417.0,382.0,
4412636.0,417.0,381.0,
4414642.0,417.0,382.0,
4416648.0,417.0,380.0,
4418653.0,417.0,379.0,
4420659.0,417.0,379.0,
4422665.0,417.0,380.0,
4424670.0,417.0,381.0,
4426676.0,417.0,377.0,
4428682.0,417.0,372.0,
4430688.0,417.0,376.0,
4432693.0,417.0,374.0,
4434699.0,417.0,374.0,
4436705.0,418.0,374.0,
4438711.0,417.0,371.0,
4440716.0,417.0,373.0,
4442722.0,417.0,368.0,
4444728.0,417.0,369.0,
4446734.0,417.0,371.0,
4448739.0,417.0,364.0,
4450745.0,417.0,369.0,
4452751.0,417.0,366.0,
4454757.0,417.0,367.0,
4456762.0,417.0,366.0,
4458768.0,417.0,365.0,
4460774.0,417.0,364.0,
4462780.0,417.0,364.0,
4464785.0,417.0,365.0,
4466791.0,417.0,365.0,
4468797.0,417.0,365.0,
4470802.0,417.0,361.0,
4472808.0,417.0,362.0,
4474814.0,417.0,361.0,
4476820.0,417.0,360.0,
4478825.0,417.0,358.0,
4480831.0,417.0,360.0,
4482837.0,417.0,360.0,
4484843.0,417.0,356.0,
4486848.0,417.0,359.0,
4488854.0,418.0,358.0,
4490860.0,417.0,354.0,
4492866.0,417.0,354.0,
4494871.0,418.0,354.0,
4496877.0,417.0,355.0,
4498883.0,417.0,353.0,
4500888.0,417.0,352.0,
4502894.0,417.0,348.0,
4504900.0,417.0,348.0,
4506906.0,418.0,348.0,
4508911.0,417.0,350.0,
4510917.0,418.0,347.0,
4512923.0,417.0,346.0,
4514929.0,417.0,347.0,
4516934.0,417.0,346.0,
4518940.0,418.0,344.0,
4520946.0,417.0,345.0,
4522952.0,418.0,342.0,
4524957.0,417.0,345.0,
4526963.0,418.0,345.0,
4528969.0,417.0,342.0,
4530975.0,417.0,341.0,
4532980.0,418.0,341.0,
4534986.0,418.0,341.0,
4536992.0,418.0,334.0,
4538998.0,418.0,337.0,
4541003.0,418.0,338.0,
4543009.0,418.0,331.0,
4545015.0,418.0,337.0,
4547021.0,417.0,336.0,
4549026.0,418.0,336.0,
4551032.0,418.0,336.0,
4553038.0,418.0,334.0,
4555043.0,418.0,334.0,
4557049.0,418.0,330.0,
4559055.0,417.0,334.0,
4561061.0,418.0,332.0,
4563066.0,418.0,332.0,
4565072.0,418.0,333.0,
4567078.0,418.0,329.0,
4569084.0,417.0,329.0,
4571089.0,418.0,328.0,
4573095.0,418.0,327.0,
4575101.0,418.0,329.0,
4577107.0,418.0,325.0,
4579112.0,417.0,326.0,
4581118.0,417.0,325.0,
4583124.0,418.0,329.0,
4585131.0,417.0,324.0,
4587136.0,417.0,322.0,
4589142.0,418.0,323.0,
4591148.0,418.0,322.0,
4593153.0,418.0,323.0,
4595159.0,417.0,322.0,
4597165.0,418.0,324.0,
4599171.0,417.0,322.0,
4601176.0,417.0,319.0,
4603182.0,418.0,321.0,
4605188.0,418.0,318.0,
4607194.0,418.0,317.0,
4609199.0,418.0,316.0,
4611205.0,418.0,316.0,
4613211.0,418.0,315.0,
4615217.0,418.0,318.0,
4617222.0,418.0,318.0,
4619228.0,417.0,313.0,
4621234.0,418.0,315.0,
4623240.0,418.0,313.0,
4625245.0,418.0,312.0,
4627251.0,418.0,312.0,
4629257.0,418.0,312.0,
4631262.0,418.0,310.0,
4633268.0,418.0,311.0,
4635274.0,418.0,309.0,
4637280.0,418.0,309.0,
4639285.0,418.0,307.0,
4641291.0,418.0,307.0,
4643297.0,418.0,307.0,
4645303.0,418.0,306.0,
4647308.0,418.0,308.0,
4649314.0,418.0,300.0,
4651320.0,418.0,303.0,
4653326.0,418.0,303.0,
4655331.0,418.0,304.0,
4657337.0,418.0,302.0,
4659343.0,418.0,302.0,
4661349.0,418.0,302.0,
4663354.0,418.0,303.0,
4665360.0,418.0,295.0,
4667366.0,418.0,301.0,
4669371.0,418.0,299.0,
4671377.0,418.0,295.0,
4673383.0,418.0,298.0,
4675389.0,418.0,298.0,
4677394.0,418.0,293.0,
4679400.0,418.0,299.0,
4681406.0,418.0,296.0,
4683412.0,418.0,296.0,
4685417.0,418.0,290.0,
4687423.0,418.0,295.0,
4689429.0,418.0,293.0,
4691435.0,418.0,294.0,
4693440.0,418.0,293.0,
4695446.0,418.0,294.0,
4697452.0,418.0,289.0,
4699458.0,418.0,291.0,
4701463.0,418.0,291.0,
4703469.0,418.0,292.0,
4705475.0,418.0,285.0,
4707481.0,418.0,290.0,
4709486.0,418.0,290.0,
4711492.0,418.0,287.0,
4713498.0,418.0,288.0,
4715503.0,418.0,288.0,
4717509.0,418.0,287.0,
4719515.0,418.0,285.0,
4721521.0,418.0,288.0,
4723526.0,418.0,285.0,
4725532.0,418.0,288.0,
4727538.0,418.0,286.0,
4729544.0,418.0,284.0,
4731549.0,418.0,285.0,
4733555.0,418.0,283.0,
4735561.0,418.0,282.0,
4737567.0,418.0,284.0,
4739572.0,418.0,280.0,
4741578.0,418.0,280.0,
4743584.0,418.0,282.0,
4745590.0,418.0,283.0,
4747595.0,418.0,278.0,
4749601.0,418.0,278.0,
4751607.0,418.0,281.0,
4753612.0,418.0,279.0,
4755618.0,418.0,280.0,
4757624.0,418.0,277.0,
4759630.0,418.0,279.0,
4761635.0,418.0,275.0,
4763641.0,418.0,269.0,
4765647.0,418.0,280.0,
4767653.0,418.0,274.0,
4769658.0,418.0,276.0,
4771664.0,418.0,273.0,
4773670.0,418.0,270.0,
4775676.0,418.0,272.0,
4777681.0,418.0,271.0,
4779687.0,418.0,271.0,
4781693.0,418.0,271.0,
4783698.0,418.0,270.0,
4785704.0,418.0,269.0,
4787710.0,418.0,268.0,
4789716.0,418.0,268.0,
4791721.0,418.0,268.0,
4793728.0,418.0,265.0,
4795734.0,418.0,268.0,
4797740.0,418.0,268.0,
4799745.0,418.0,266.0,
4801751.0,418.0,267.0,
4803757.0,418.0,265.0,
4805763.0,418.0,264.0,
4807768.0,418.0,258.0,
4809774.0,418.0,263.0,
4811780.0,418.0,263.0,
4813786.0,418.0,258.0,
4815791.0,418.0,262.0,
4817797.0,418.0,260.0,
4819803.0,418.0,260.0,
4821808.0,418.0,261.0,
4823814.0,418.0,255.0,
4825820.0,418.0,261.0,
4827826.0,418.0,255.0,
4829831.0,418.0,258.0,
4831837.0,418.0,258.0,
4833843.0,418.0,259.0,
4835849.0,418.0,256.0,
4837854.0,418.0,257.0,
4839860.0,418.0,256.0,
4841866.0,418.0,256.0,
4843872.0,418.0,258.0,
4845877.0,418.0,255.0,
4847883.0,418.0,259.0,
4849889.0,418.0,253.0,
4851895.0,418.0,253.0,
4853900.0,418.0,253.0,
4855906.0,418.0,252.0,
4857912.0,418.0,252.0,
4859917.0,418.0,252.0,
4861923.0,418.0,252.0,
4863929.0,418.0,251.0,
4865935.0,418.0,252.0,
4867940.0,418.0,253.0,
4869946.0,418.0,249.0,
4871952.0,418.0,249.0,
4873958.0,418.0,251.0,
4875963.0,418.0,247.0,
4877969.0,418.0,248.0,
4879975.0,418.0,248.0,
4881981.0,418.0,251.0,
4883986.0,418.0,245.0,
4885992.0,418.0,246.0,
4887998.0,418.0,244.0,
4890004.0,418.0,244.0,
4892009.0,418.0,246.0,
4894015.0,418.0,244.0,
4896021.0,418.0,244.0,
4898026.0,418.0,245.0,
4900032.0,418.0,243.0,
4902038.0,418.0,246.0,
4904044.0,418.0,242.0,
4906049.0,418.0,242.0,
4908055.0,418.0,242.0,
4910061.0,418.0,241.0,
4912067.0,418.0,240.0,
4914072.0,418.0,240.0,
4916078.0,418.0,232.0,
4918084.0,418.0,239.0,
4920090.0,418.0,237.0,
4922095.0,418.0,231.0,
4924101.0,418.0,240.0,
4926107.0,418.0,239.0,
4928113.0,418.0,235.0,
4930118.0,418.0,236.0,
4932124.0,418.0,235.0,
4934130.0,418.0,236.0,
4936135.0,418.0,239.0,
4938141.0,418.0,234.0,
4940147.0,418.0,233.0,
4942153.0,418.0,234.0,
4944158.0,418.0,235.0,
4946164.0,418.0,233.0,
4948170.0,418.0,234.0,
4950176.0,418.0,232.0,
4952181.0,418.0,232.0,
4954187.0,418.0,231.0,
4956193.0,418.0,231.0,
4958199.0,418.0,232.0,
4960204.0,418.0,231.0,
4962210.0,418.0,229.0,
4964216.0,418.0,231.0,
4966222.0,418.0,231.0,
4968227.0,418.0,230.0,
4970233.0,418.0,226.0,
4972239.0,418.0,228.0,
4974244.0,418.0,228.0,
4976250.0,418.0,229.0,
4978256.0,418.0,227.0,
4980262.0,418.0,225.0,
4982267.0,418.0,228.0,
4984273.0,418.0,223.0,
4986279.0,418.0,227.0,
4988285.0,418.0,225.0,
4990290.0,418.0,224.0,
4992296.0,418.0,224.0,
4994302.0,418.0,225.0,
4996308.0,418.0,226.0,
4998313.0,418.0,213.0,
5000320.0,418.0,224.0,
5002326.0,418.0,225.0,
5004332.0,418.0,220.0,
5006337.0,418.0,220.0,
5008343.0,418.0,221.0,
5010349.0,418.0,219.0,
5012354.0,418.0,219.0,
5014360.0,418.0,222.0,
5016366.0,418.0,220.0,
5018372.0,418.0,212.0,
5020377.0,418.0,218.0,
5022383.0,418.0,218.0,
5024389.0,418.0,219.0,
5026395.0,418.0,223.0,
5028400.0,418.0,217.0,
5030406.0,418.0,218.0,
5032412.0,418.0,207.0,
5034418.0,418.0,217.0,
5036423.0,418.0,216.0,
5038429.0,418.0,215.0,
5040435.0,418.0,214.0,
5042440.0,418.0,214.0,
5044446.0,418.0,213.0,
5046452.0,418.0,216.0,
5048458.0,418.0,214.0,
5050463.0,418.0,213.0,
5052469.0,418.0,206.0,
5054475.0,418.0,213.0,
5056481.0,418.0,212.0,
5058486.0,418.0,213.0,
5060492.0,418.0,212.0,
5062498.0,418.0,211.0,
5064504.0,418.0,211.0,
5066509.0,418.0,210.0,
5068515.0,418.0,210.0,
5070521.0,418.0,210.0,
5072527.0,418.0,213.0,
5074532.0,418.0,208.0,
5076538.0,418.0,208.0,
5078544.0,418.0,210.0,
5080549.0,418.0,207.0,
5082555.0,418.0,206.0,
5084561.0,418.0,207.0,
5086567.0,418.0,210.0,
5088572.0,418.0,208.0,
5090578.0,418.0,206.0,
5092584.0,418.0,205.0,
5094590.0,418.0,204.0,
5096595.0,418.0,205.0,
5098601.0,418.0,203.0,
5100607.0,418.0,204.0,
5102613.0,418.0,203.0,
5104618.0,418.0,203.0,
5106624.0,418.0,208.0,
5108630.0,418.0,203.0,
5110636.0,418.0,202.0,
5112641.0,418.0,202.0,
5114647.0,418.0,205.0,
5116653.0,418.0,201.0,
5118659.0,418.0,201.0,
5120664.0,418.0,201.0,
5122670.0,418.0,200.0,
5124676.0,418.0,200.0,
5126682.0,418.0,201.0,
5128687.0,418.0,199.0,
5130693.0,418.0,198.0,
5132699.0,418.0,197.0,
5134704.0,418.0,196.0,
5136710.0,418.0,198.0,
5138716.0,418.0,198.0,
5140722.0,418.0,197.0,
5142727.0,418.0,196.0,
5144733.0,418.0,197.0,
5146739.0,418.0,196.0,
5148745.0,418.0,195.0,
5150750.0,418.0,196.0,
5152756.0,418.0,196.0,
5154762.0,418.0,193.0,
5156768.0,418.0,195.0,
5158773.0,418.0,192.0,
5160779.0,418.0,194.0,
5162785.0,418.0,194.0,
5164791.0,418.0,192.0,
5166796.0,418.0,194.0,
5168802.0,418.0,187.0,
5170808.0,418.0,192.0,
5172813.0,418.0,193.0,
5174819.0,418.0,193.0,
5176825.0,418.0,193.0,
5178831.0,418.0,191.0,
5180836.0,418.0,190.0,
5182842.0,418.0,183.0,
5184848.0,418.0,191.0,
5186854.0,418.0,190.0,
5188859.0,418.0,188.0,
5190865.0,418.0,190.0,
5192871.0,418.0,188.0,
5194877.0,418.0,189.0,
5196882.0,418.0,188.0,
5198888.0,418.0,188.0,
5200894.0,418.0,188.0,
5202900.0,418.0,179.0,
5204905.0,418.0,187.0,
5206912.0,418.0,187.0,
5208918.0,418.0,190.0,
5210923.0,418.0,185.0,
5212929.0,418.0,181.0,
5214935.0,418.0,187.0,
5216941.0,418.0,180.0,
5218946.0,418.0,189.0,
5220952.0,418.0,184.0,
5222958.0,418.0,185.0,
5224964.0,418.0,184.0,
5226969.0,418.0,184.0,
5228975.0,418.0,183.0,
5230981.0,418.0,182.0,
5232987.0,418.0,185.0,
5234992.0,418.0,181.0,
5236998.0,418.0,174.0,
5239004.0,418.0,182.0,
5241010.0,418.0,182.0,
5243015.0,418.0,170.0,
5245021.0,418.0,181.0,
5247027.0,418.0,181.0,
5249032.0,418.0,182.0,
5251038.0,418.0,168.0,
5253044.0,418.0,181.0,
5255050.0,418.0,180.0,
5257055.0,418.0,182.0,
5259061.0,418.0,178.0,
5261067.0,418.0,176.0,
5263073.0,418.0,179.0,
5265078.0,418.0,179.0,
5267084.0,418.0,177.0,
5269090.0,418.0,167.0,
5271096.0,418.0,182.0,
5273101.0,418.0,176.0,
5275107.0,418.0,177.0,
5277113.0,418.0,178.0,
5279119.0,418.0,176.0,
5281124.0,418.0,176.0,
5283130.0,418.0,176.0,
5285136.0,418.0,175.0,
5287141.0,418.0,175.0,
5289147.0,418.0,174.0,
5291153.0,418.0,179.0,
5293159.0,418.0,173.0,
5295164.0,418.0,171.0,
5297170.0,418.0,174.0,
5299176.0,418.0,173.0,
5301182.0,418.0,173.0,
5303187.0,418.0,172.0,
5305193.0,418.0,174.0,
5307199.0,418.0,172.0,
5309205.0,418.0,172.0,
5311210.0,418.0,173.0,
5313216.0,418.0,171.0,
5315222.0,418.0,171.0,
5317227.0,418.0,171.0,
5319233.0,418.0,169.0,
5321239.0,418.0,170.0,
5323245.0,418.0,171.0,
5325250.0,418.0,169.0,
5327256.0,418.0,167.0,
5329262.0,418.0,170.0,
5331268.0,418.0,169.0,
5333273.0,418.0,170.0,
5335279.0,418.0,168.0,
5337285.0,418.0,168.0,
5339291.0,418.0,170.0,
5341296.0,418.0,167.0,
5343302.0,418.0,167.0,
5345308.0,418.0,167.0,
5347314.0,418.0,165.0,
5349319.0,418.0,166.0,
5351325.0,418.0,166.0,
5353331.0,418.0,162.0,
5355337.0,418.0,165.0,
5357342.0,418.0,165.0,
5359348.0,418.0,164.0,
5361354.0,418.0,166.0,
5363359.0,418.0,163.0,
5365365.0,418.0,165.0,
5367371.0,418.0,159.0,
5369377.0,418.0,163.0,
5371382.0,418.0,163.0,
5373388.0,418.0,167.0,
5375394.0,418.0,163.0,
5377400.0,418.0,163.0,
5379405.0,418.0,162.0,
5381411.0,418.0,156.0,
5383417.0,418.0,162.0,
5385423.0,418.0,162.0,
5387428.0,418.0,161.0,
5389434.0,418.0,159.0,
5391440.0,418.0,161.0,
5393446.0,418.0,162.0,
5395451.0,418.0,161.0,
5397457.0,418.0,160.0,
5399463.0,418.0,159.0,
5401468.0,418.0,150.0,
5403474.0,418.0,152.0,
5405480.0,418.0,146.0,
5407486.0,418.0,158.0,
5409491.0,418.0,159.0,
5411497.0,418.0,157.0,
5413504.0,418.0,159.0,
5415510.0,418.0,151.0,
5417515.0,418.0,152.0,
5419521.0,418.0,159.0,
5421527.0,418.0,159.0,
5423533.0,418.0,156.0,
5425538.0,418.0,157.0,
5427544.0,418.0,157.0,
5429550.0,418.0,155.0,
5431555.0,418.0,156.0,
5433561.0,418.0,144.0,
5435567.0,418.0,160.0,
5437573.0,418.0,155.0,
5439578.0,418.0,156.0,
5441584.0,418.0,157.0,
5443590.0,418.0,154.0,
5445596.0,418.0,154.0,
5447601.0,418.0,155.0,
5449607.0,418.0,149.0,
5451613.0,418.0,156.0,
5453619.0,418.0,154.0,
5455624.0,418.0,153.0,
5457630.0,418.0,153.0,
5459636.0,418.0,153.0,
5461642.0,418.0,153.0,
5463647.0,418.0,153.0,
5465653.0,418.0,152.0,
5467659.0,418.0,153.0,
5469664.0,418.0,158.0,
5471670.0,418.0,152.0,
5473676.0,418.0,152.0,
5475682.0,418.0,150.0,
5477687.0,418.0,151.0,
5479693.0,418.0,149.0,
5481699.0,418.0,150.0,
5483705.0,418.0,155.0,
5485710.0,418.0,150.0,
5487716.0,418.0,152.0,
5489722.0,418.0,150.0,
5491728.0,418.0,149.0,
5493733.0,418.0,149.0,
5495739.0,418.0,149.0,
5497745.0,418.0,149.0,
5499751.0,418.0,148.0,
5501756.0,418.0,147.0,
5503762.0,418.0,152.0,
5505768.0,418.0,147.0,
5507773.0,418.0,148.0,
5509779.0,418.0,148.0,
5511785.0,418.0,146.0,
5513791.0,418.0,148.0,
5515796.0,418.0,147.0,
5517802.0,418.0,151.0,
5519808.0,418.0,147.0,
5521814.0,418.0,147.0,
5523819.0,418.0,146.0,
5525825.0,418.0,151.0,
5527831.0,418.0,148.0,
5529837.0,418.0,146.0,
5531842.0,418.0,150.0,
5533848.0,418.0,144.0,
5535854.0,418.0,146.0,
5537860.0,418.0,144.0,
5539865.0,418.0,143.0,
5541871.0,418.0,144.0,
5543877.0,418.0,144.0,
5545882.0,418.0,144.0,
5547888.0,418.0,144.0,
5549894.0,418.0,142.0,
5551900.0,418.0,147.0,
5553905.0,418.0,141.0,
5555911.0,418.0,137.0,
5557917.0,418.0,143.0,
5559923.0,418.0,143.0,
5561928.0,418.0,141.0,
5563934.0,418.0,140.0,
5565940.0,418.0,144.0,
5567946.0,418.0,139.0,
5569951.0,418.0,141.0,
5571957.0,418.0,140.0,
5573963.0,418.0,138.0,
5575968.0,418.0,142.0,
5577974.0,418.0,142.0,
5579980.0,418.0,142.0,
5581986.0,418.0,141.0,
5583991.0,418.0,139.0,
5585997.0,418.0,140.0,
5588003.0,418.0,139.0,
5590009.0,418.0,140.0,
5592014.0,418.0,140.0,
5594020.0,418.0,137.0,
5596026.0,418.0,140.0,
5598032.0,418.0,138.0,
5600037.0,418.0,142.0,
5602043.0,418.0,138.0,
5604049.0,418.0,138.0,
5606054.0,418.0,138.0,
5608060.0,418.0,137.0,
5610066.0,418.0,139.0,
5612072.0,418.0,136.0,
5614077.0,418.0,139.0,
5616083.0,418.0,137.0,
5618089.0,418.0,138.0,
5620096.0,418.0,137.0,
5622100.0,418.0,136.0,
5624107.0,418.0,136.0,
5626113.0,418.0,136.0,
5628119.0,418.0,135.0,
5630124.0,418.0,135.0,
5632130.0,418.0,122.0,
5634136.0,418.0,135.0,
5636142.0,418.0,135.0,
5638147.0,418.0,134.0,
5640153.0,418.0,137.0,
5642159.0,418.0,130.0,
5644164.0,418.0,133.0,
5646170.0,418.0,133.0,
5648176.0,418.0,135.0,
5650182.0,418.0,133.0,
5652187.0,418.0,134.0,
5654193.0,418.0,133.0,
5656199.0,418.0,134.0,
5658205.0,418.0,133.0,
5660210.0,418.0,133.0,
5662216.0,418.0,130.0,
5664222.0,418.0,133.0,
5666228.0,418.0,133.0,
5668233.0,418.0,134.0,
5670239.0,418.0,133.0,
5672245.0,418.0,130.0,
5674251.0,418.0,133.0,
5676256.0,418.0,125.0,
5678262.0,418.0,132.0,
5680268.0,418.0,133.0,
5682273.0,418.0,130.0,
5684279.0,418.0,132.0,
5686285.0,418.0,132.0,
5688291.0,418.0,132.0,
5690296.0,418.0,124.0,
5692302.0,418.0,131.0,
5694308.0,418.0,130.0,
5696314.0,417.0,56.0,
5698319.0,417.0,61.0,
5700325.0,417.0,56.0,
5702331.0,417.0,96.0,
5704336.0,417.0,75.0,
5706342.0,417.0,56.0,
5708348.0,417.0,54.0,
5710354.0,417.0,99.0,
5712359.0,417.0,56.0,
5714365.0,417.0,55.0,
5716371.0,417.0,56.0,
5718377.0,417.0,60.0,
5720382.0,417.0,56.0,
5722388.0,417.0,55.0,
5724394.0,417.0,125.0,
5726399.0,417.0,96.0,
5728405.0,417.0,55.0,
5730411.0,416.0,56.0,
5732417.0,417.0,60.0,
5734422.0,417.0,56.0,
5736428.0,417.0,55.0,
5738434.0,417.0,79.0,
5740440.0,417.0,56.0,
5742445.0,417.0,54.0,
5744451.0,417.0,56.0,
5746457.0,417.0,60.0,
5748463.0,417.0,56.0,
5750468.0,417.0,55.0,
5752474.0,417.0,60.0,
5754480.0,417.0,108.0,
5756485.0,417.0,55.0,
5758491.0,417.0,101.0,
5760497.0,417.0,56.0,
5762503.0,417.0,55.0,
5764508.0,417.0,56.0,
5766514.0,417.0,60.0,
5768520.0,417.0,56.0,
5770526.0,417.0,54.0,
5772531.0,417.0,100.0,
5774537.0,417.0,56.0,
5776543.0,417.0,54.0,
5778548.0,417.0,61.0,
5780554.0,417.0,60.0,
5782560.0,417.0,98.0,
5784566.0,417.0,94.0,
5786571.0,417.0,102.0,
5788577.0,417.0,56.0,
5790583.0,417.0,54.0,
5792589.0,417.0,56.0,
5794594.0,417.0,63.0,
5796600.0,417.0,59.0,
5798606.0,417.0,55.0,
5800611.0,417.0,99.0,
5802617.0,417.0,57.0,
5804623.0,417.0,55.0,
5806629.0,417.0,76.0,
5808634.0,417.0,60.0,
5810640.0,417.0,55.0,
5812646.0,417.0,56.0,
5814652.0,417.0,60.0,
5816657.0,416.0,56.0,
5818663.0,417.0,94.0,
5820669.0,417.0,64.0,
5822674.0,417.0,97.0,
5824680.0,417.0,55.0,
5826686.0,417.0,56.0,
5828692.0,417.0,60.0,
5830697.0,417.0,57.0,
5832704.0,417.0,55.0,
5834710.0,417.0,63.0,
5836716.0,417.0,60.0,
5838721.0,417.0,57.0,
5840727.0,417.0,59.0,
5842733.0,417.0,82.0,
5844738.0,417.0,97.0,
5846744.0,416.0,94.0,
5848750.0,416.0,57.0,
5850756.0,417.0,61.0,
5852761.0,416.0,57.0,
5854767.0,417.0,55.0,
5856773.0,417.0,99.0,
5858779.0,417.0,57.0,
5860784.0,416.0,55.0,
5862790.0,417.0,74.0,
5864796.0,417.0,62.0,
5866801.0,417.0,55.0,
5868807.0,416.0,57.0,
5870813.0,417.0,122.0,
5872819.0,417.0,57.0,
5874824.0,416.0,55.0,
5876830.0,416.0,57.0,
5878836.0,417.0,61.0,
5880842.0,416.0,56.0,
5882847.0,417.0,55.0,
5884853.0,417.0,90.0,
5886859.0,417.0,56.0,
5888864.0,417.0,55.0,
5890870.0,416.0,56.0,
5892876.0,416.0,61.0,
5894882.0,416.0,100.0,
5896887.0,417.0,63.0,
5898893.0,417.0,98.0,
5900899.0,416.0,58.0,
5902905.0,416.0,54.0,
5904910.0,416.0,56.0,
5906916.0,416.0,60.0,
5908922.0,416.0,97.0,
5910928.0,416.0,94.0,
5912933.0,416.0,61.0,
5914939.0,416.0,61.0,
5916945.0,416.0,56.0,
5918950.0,417.0,56.0,
5920956.0,416.0,77.0,
5922962.0,416.0,57.0,
5924968.0,417.0,55.0,
5926973.0,416.0,98.0,
5928979.0,416.0,58.0,
5930985.0,417.0,55.0,
5932991.0,417.0,56.0,
5934996.0,417.0,60.0,
5937002.0,416.0,56.0,
5939008.0,416.0,57.0,
5941013.0,417.0,55.0,
5943019.0,417.0,60.0,
5945025.0,416.0,57.0,
5947031.0,416.0,56.0,
5949036.0,416.0,84.0,
5951042.0,416.0,57.0,
5953048.0,416.0,55.0,
5955054.0,416.0,57.0,
5957059.0,416.0,60.0,
5959065.0,416.0,57.0,
5961071.0,416.0,55.0,
5963076.0,416.0,95.0,
5965082.0,416.0,58.0,
5967088.0,416.0,55.0,
5969094.0,416.0,56.0,
5971099.0,416.0,61.0,
5973105.0,416.0,56.0,
5975111.0,416.0,93.0,
5977117.0,416.0,95.0,
5979122.0,416.0,61.0,
5981128.0,416.0,57.0,
5983134.0,416.0,55.0,
5985140.0,416.0,60.0,
5987145.0,416.0,57.0,
5989151.0,416.0,55.0,
5991157.0,416.0,69.0,
5993162.0,416.0,61.0,
5995168.0,416.0,56.0,
5997174.0,416.0,57.0,
5999180.0,416.0,73.0,
6001185.0,416.0,57.0,
6003191.0,416.0,55.0,
6005197.0,416.0,56.0,
6007203.0,416.0,102.0,
6009208.0,416.0,103.0,
6011214.0,416.0,55.0,
6013220.0,416.0,97.0,
6015225.0,416.0,58.0,
6017231.0,416.0,55.0,
6019237.0,416.0,57.0,
6021243.0,416.0,91.0,
6023248.0,416.0,56.0,
6025254.0,416.0,55.0,
6027260.0,416.0,100.0,
6029266.0,416.0,61.0,
6031271.0,416.0,57.0,
6033277.0,416.0,55.0,
6035283.0,416.0,101.0,
6037288.0,416.0,57.0,
6039294.0,416.0,97.0,
6041300.0,416.0,123.0,
6043307.0,416.0,99.0,
6045312.0,416.0,57.0,
6047318.0,416.0,153.0,
6049324.0,416.0,76.0,
6051330.0,416.0,57.0,
6053335.0,416.0,55.0,
6055341.0,416.0,56.0,
6057347.0,416.0,61.0,
6059352.0,416.0,59.0,
6061358.0,416.0,55.0,
6063364.0,416.0,132.0,
6065370.0,416.0,60.0,
6067375.0,416.0,58.0,
6069381.0,416.0,60.0,
6071387.0,416.0,60.0,
6073393.0,416.0,60.0,
6075398.0,416.0,55.0,
6077404.0,416.0,57.0,
6079410.0,416.0,61.0,
6081416.0,416.0,57.0,
6083421.0,416.0,55.0,
6085427.0,416.0,98.0,
6087433.0,416.0,57.0,
6089438.0,416.0,119.0,
6091444.0,416.0,56.0,
6093450.0,416.0,61.0,
6095456.0,416.0,57.0,
6097461.0,416.0,55.0,
6099467.0,416.0,97.0,
6101473.0,416.0,57.0,
6103479.0,416.0,55.0,
6105484.0,416.0,229.0,
6107490.0,416.0,99.0,
6109496.0,416.0,126.0,
6111501.0,416.0,55.0,
6113507.0,416.0,162.0,
6115513.0,416.0,61.0,
6117519.0,416.0,56.0,
6119524.0,416.0,56.0,
6121530.0,416.0,82.0,
6123536.0,416.0,57.0,
6125542.0,416.0,55.0,
6127547.0,416.0,56.0,
6129553.0,416.0,61.0,
6131559.0,416.0,57.0,
